622 7978
374 88 27
585 78 16
105 297 2
191 140 41
141 232 25
115 221 3
355 523 50
426 85 20
409 145 18
353 394 24
580 363 4
97 229 27
93 565 38
549 180 28
289 27 44
525 536 7
545 18 45
469 298 30
121 226 32
142 256 11
268 590 27
28 163 8
214 215 12
410 610 6
210 257 19
501 136 31
305 276 26
518 555 4
161 347 7
91 41 18
173 277 44
373 446 41
222 386 24
383 61 31
417 74 49
157 530 4
332 575 37
344 299 25
131 255 30
386 166 41
459 296 41
218 71 41
295 163 35
388 601 46
431 464 41
466 222 47
71 86 9
612 197 41
72 476 37
589 107 32
14 551 43
224 62 43
522 372 36
577 397 4
428 581 32
367 288 49
496 290 38
442 288 3
316 362 30
375 620 30
177 440 47
48 394 35
300 3 10
458 128 25
333 517 11
258 354 15
602 487 47
234 490 48
543 566 24
324 261 21
479 428 6
46 71 17
551 465 8
360 6 45
181 366 45
40 188 46
418 260 50
182 274 15
390 328 40
105 581 12
120 56 14
83 570 18
421 275 38
210 504 20
16 512 4
503 371 37
205 177 47
581 419 25
33 265 26
81 140 22
30 608 44
521 132 33
60 9 23
486 557 32
397 92 28
150 102 35
31 492 45
438 74 14
154 365 18
275 418 37
622 190 25
331 116 46
385 494 17
415 205 36
471 11 42
19 366 45
295 250 10
452 604 16
434 399 13
564 250 21
449 297 13
11 415 29
244 383 49
393 413 15
226 118 30
335 70 25
490 28 44
2 377 43
557 173 9
320 123 18
45 39 45
29 389 48
349 59 38
416 60 30
251 133 3
197 464 4
542 150 45
74 201 20
500 113 34
400 101 33
145 540 35
120 212 11
248 68 3
64 28 34
68 122 40
157 151 34
414 133 34
144 284 30
412 164 38
112 193 40
295 98 43
386 486 1
65 274 41
495 24 6
465 32 41
333 329 15
133 214 4
554 241 49
580 372 42
137 364 17
214 278 20
380 446 1
492 451 44
148 489 12
175 163 15
354 47 5
108 382 32
304 472 49
134 476 32
287 195 38
52 103 2
506 470 32
299 174 16
295 492 10
9 268 1
271 224 9
593 272 25
540 611 20
570 196 4
337 61 30
229 213 17
239 464 28
412 165 48
207 276 28
417 223 36
169 168 36
516 412 1
558 264 41
267 133 44
507 2 13
366 95 41
32 613 16
212 388 27
245 68 24
88 452 46
400 40 7
352 21 29
352 116 7
611 305 44
59 21 46
384 594 6
175 397 47
327 410 2
180 310 3
503 572 11
242 128 15
374 33 16
554 6 44
439 28 32
1 234 36
14 204 33
2 153 46
354 543 43
608 107 31
429 519 9
9 475 5
382 546 37
44 352 34
540 65 21
338 419 13
28 523 35
596 597 5
52 311 26
536 404 3
346 304 23
33 543 40
605 179 37
300 492 19
39 260 15
101 18 26
36 251 43
96 262 39
616 437 43
457 185 48
487 92 41
535 53 30
93 613 36
437 36 1
36 231 23
330 570 49
224 531 35
422 173 41
506 563 11
52 618 19
487 227 19
195 18 23
43 255 46
534 542 36
99 391 32
241 601 20
96 181 24
74 413 1
245 511 24
195 113 45
59 94 27
436 426 46
388 278 2
349 11 10
481 105 8
134 328 10
223 40 14
618 117 25
256 585 48
46 457 17
437 562 1
138 346 40
19 413 17
418 5 18
572 122 42
290 245 2
191 518 19
601 586 42
125 397 14
571 255 16
10 192 20
156 592 49
485 606 40
461 536 7
139 123 35
569 87 16
213 291 24
539 377 42
229 620 18
570 249 50
356 25 37
354 342 26
206 507 42
55 252 29
249 500 8
369 41 47
106 89 29
2 105 25
437 284 33
157 2 25
591 49 45
539 582 19
70 553 45
298 368 12
26 83 25
272 393 1
124 269 5
495 48 33
448 545 24
125 459 2
104 332 42
193 300 2
491 243 25
254 79 13
1 489 26
34 10 20
198 470 7
12 356 11
298 553 50
557 255 31
590 63 23
350 386 33
448 59 5
274 52 15
451 216 33
82 373 48
461 619 1
201 578 41
396 569 18
429 619 16
269 608 16
85 484 41
242 49 28
88 615 33
319 65 17
303 503 34
231 78 37
520 423 21
285 69 50
226 35 8
57 499 16
411 100 35
338 211 45
57 52 10
435 492 46
422 510 31
504 480 50
62 448 48
582 72 2
354 494 12
546 198 44
161 602 37
605 291 49
33 107 23
42 511 7
256 616 40
464 586 46
363 273 44
309 130 14
37 499 6
442 334 15
186 622 48
544 368 41
218 241 44
172 379 16
619 622 32
454 208 47
145 463 25
569 262 23
104 357 35
145 19 41
112 595 14
198 45 31
40 433 27
371 114 38
370 380 35
50 392 9
262 372 38
300 359 25
254 236 38
291 396 20
255 600 18
452 537 31
525 17 47
406 492 10
220 314 16
255 494 16
323 446 17
496 182 14
535 306 17
116 67 41
206 484 2
203 338 9
478 18 11
611 177 50
251 225 9
327 284 31
609 339 17
253 334 48
118 553 22
482 41 2
261 529 44
5 296 22
313 328 40
600 429 12
46 302 7
504 203 50
527 65 28
434 88 26
41 127 22
372 526 48
317 111 6
611 375 4
22 151 4
438 417 38
490 290 28
41 389 46
190 56 43
303 317 22
617 349 19
265 293 22
35 530 41
335 145 20
390 364 14
475 367 39
427 409 47
582 195 40
106 451 29
607 585 41
36 327 36
366 32 32
266 138 21
44 381 48
558 179 40
506 290 26
602 21 9
182 355 19
445 599 48
534 341 25
544 129 10
440 161 19
561 147 50
553 2 27
486 153 30
430 476 11
409 398 3
382 256 8
16 446 50
14 589 42
247 85 8
173 370 22
421 124 28
330 64 41
24 518 37
54 183 28
351 324 39
320 332 45
119 159 4
322 204 48
487 371 36
541 507 8
361 397 50
207 45 34
543 11 13
401 107 26
496 462 19
117 480 14
83 335 22
599 539 7
218 230 17
406 599 8
147 397 29
134 115 8
609 139 6
583 576 25
481 553 25
250 486 5
257 604 9
95 508 13
570 391 3
510 543 43
308 547 29
284 36 43
172 563 18
234 232 22
568 223 46
391 390 47
484 81 2
121 606 31
550 525 11
221 48 7
567 484 32
132 207 5
293 513 21
423 569 6
257 128 50
225 177 33
74 138 9
59 499 2
45 379 40
192 227 3
3 109 30
597 61 7
567 103 8
217 470 47
147 610 30
306 60 18
622 549 10
344 437 33
231 333 22
148 437 47
67 317 11
518 260 17
396 99 39
395 137 10
470 570 18
332 463 14
605 433 18
617 30 14
568 355 46
500 182 33
25 415 15
103 28 16
150 14 13
606 365 7
185 8 33
199 49 10
151 90 43
400 506 43
52 594 13
506 168 6
32 347 8
589 44 3
304 568 35
222 541 39
204 106 40
392 52 16
155 251 39
5 118 41
88 553 32
133 224 18
198 52 17
183 596 45
69 490 27
295 198 24
54 140 27
361 549 32
196 206 13
209 222 42
193 409 24
98 168 25
357 333 30
5 284 25
133 386 2
576 336 21
81 613 15
404 381 27
494 169 47
29 252 11
29 37 25
335 144 8
595 440 44
529 409 48
14 409 9
453 132 2
450 140 25
517 9 12
180 382 36
130 479 48
331 22 39
366 157 14
392 480 9
28 508 50
254 218 13
127 181 17
454 93 32
365 419 29
241 76 37
222 9 44
187 620 16
346 294 43
599 225 6
536 134 1
44 484 4
462 331 1
49 361 16
194 60 48
566 136 11
405 59 26
492 351 17
521 250 21
137 426 28
368 22 26
611 133 13
237 104 39
314 350 18
115 324 10
527 37 4
118 593 43
227 586 37
354 150 11
238 547 13
614 330 12
394 395 33
316 258 50
474 225 4
152 202 45
614 328 40
397 419 22
616 368 41
67 579 29
26 164 12
121 517 11
288 162 16
16 405 37
621 354 27
114 71 1
584 414 26
480 199 22
383 79 30
232 118 2
147 361 28
197 116 36
601 574 13
231 524 15
128 12 15
546 400 32
178 154 17
124 42 2
69 329 11
39 176 41
88 355 7
256 587 23
302 105 29
298 18 32
110 92 24
429 256 10
317 37 34
294 429 5
73 282 3
123 76 16
42 218 6
102 412 46
480 399 16
297 559 42
232 104 34
568 447 3
83 345 19
548 17 14
463 209 35
501 323 19
317 270 31
451 480 3
432 582 17
392 535 14
423 368 28
24 584 50
111 147 5
296 368 19
58 252 33
504 304 7
145 124 3
267 83 15
549 343 36
377 179 8
250 579 31
120 511 8
548 617 22
549 473 11
386 532 28
312 154 16
468 504 42
352 506 36
163 126 6
204 574 7
391 114 9
402 316 49
600 605 34
235 549 25
143 215 14
451 281 11
156 508 47
110 602 28
549 555 25
2 182 43
148 526 33
521 253 2
103 367 50
106 503 11
497 405 41
149 316 36
1 199 47
616 399 35
451 50 40
463 598 24
90 71 49
452 61 37
527 10 26
502 119 3
250 255 18
86 276 10
159 220 6
301 376 29
414 335 12
542 515 39
359 114 49
394 597 19
341 51 37
64 423 9
51 179 44
577 476 50
27 177 49
43 25 20
344 243 47
277 611 34
82 459 5
140 310 41
457 444 7
188 159 34
112 407 42
170 449 33
332 508 32
373 541 33
557 155 37
360 444 44
257 83 43
77 498 12
506 278 42
504 598 4
309 4 46
87 380 3
502 419 39
292 33 6
576 383 18
459 439 17
192 236 43
457 8 21
281 438 13
72 263 39
179 347 23
191 567 24
107 317 40
271 134 8
371 299 7
369 477 35
300 221 15
333 118 9
62 194 28
4 215 37
18 121 3
55 155 33
67 543 3
399 536 12
434 401 31
2 28 4
362 303 20
282 167 10
588 60 23
577 30 14
565 236 7
317 173 6
307 338 27
188 333 32
307 378 42
421 11 48
431 549 22
465 300 38
451 250 36
487 503 29
313 53 43
195 154 23
31 85 36
587 161 50
575 317 18
32 291 7
220 26 49
194 270 33
100 50 23
482 154 28
434 105 14
461 95 44
59 221 2
200 511 47
112 245 5
399 133 20
192 290 19
73 129 29
4 353 35
81 382 41
127 460 27
444 581 7
277 368 24
234 427 49
104 385 50
456 199 33
600 162 4
9 289 33
284 436 5
497 96 47
359 75 38
580 486 36
463 596 10
575 608 47
415 500 45
191 40 23
361 77 39
504 467 40
46 303 12
381 577 2
342 83 43
344 126 28
468 578 11
176 339 13
380 241 45
166 147 32
392 245 9
427 200 5
512 534 44
62 139 42
440 224 5
339 575 9
307 211 47
491 95 44
484 237 20
3 317 27
237 364 39
103 251 3
131 474 42
90 593 8
201 175 27
282 156 7
463 153 36
192 32 27
154 457 32
83 586 47
265 193 18
89 516 38
162 220 11
193 449 5
171 372 21
419 308 1
561 179 32
207 10 23
124 178 15
148 183 11
581 526 17
194 509 36
264 420 7
378 290 35
579 134 39
266 16 50
194 66 8
10 326 21
565 293 39
211 371 48
165 146 1
404 237 28
510 509 16
65 577 38
502 481 40
509 470 10
26 99 14
16 549 18
378 518 22
225 487 23
611 407 49
361 545 13
72 99 25
400 513 23
217 117 33
600 104 33
591 580 44
347 392 4
614 135 2
340 203 37
140 290 12
315 387 7
147 130 12
579 510 36
427 617 23
181 600 21
337 545 11
8 292 29
593 533 8
615 206 11
173 320 41
319 88 19
464 177 48
196 542 9
570 617 17
121 464 15
474 359 38
156 455 28
172 312 42
117 487 20
475 121 34
34 41 38
539 479 13
452 576 1
266 243 42
533 505 31
411 496 1
602 398 7
106 258 26
615 547 41
335 202 12
390 521 44
492 301 43
602 536 27
430 580 8
355 225 37
405 235 17
207 444 29
476 220 12
457 53 50
124 313 20
197 5 7
123 141 50
287 164 18
214 328 11
432 300 47
343 435 29
535 187 25
54 301 30
347 398 23
115 312 20
317 90 4
545 69 34
218 309 24
25 621 30
163 250 46
424 177 40
369 67 41
583 365 39
293 130 17
515 551 19
118 300 33
549 598 38
534 573 23
293 60 43
176 608 40
173 347 15
544 552 14
74 449 25
203 127 41
240 108 22
563 589 12
582 99 36
141 335 39
367 154 38
267 158 13
509 570 31
572 395 15
202 216 47
615 114 15
41 155 13
534 409 24
550 302 14
182 190 23
616 62 15
550 573 50
194 162 38
42 614 32
224 230 46
111 291 13
310 247 30
234 145 48
77 156 44
491 316 47
547 54 43
334 143 20
60 242 16
331 490 35
32 17 19
200 392 17
21 47 22
472 562 27
210 620 46
145 470 6
456 309 26
222 518 41
360 503 4
403 395 14
243 270 48
394 52 1
53 44 37
409 140 1
571 406 34
506 403 16
501 498 5
375 173 35
390 110 48
226 61 7
56 440 49
580 502 4
430 498 31
55 452 47
83 313 26
34 196 41
73 375 7
519 128 47
433 275 8
116 273 8
47 284 3
555 415 11
453 307 17
456 146 3
182 361 37
50 146 9
620 290 34
127 537 23
408 547 44
271 12 28
18 283 22
531 183 23
612 161 2
368 483 3
67 392 10
58 91 15
314 258 32
29 140 38
309 340 11
420 577 24
212 240 15
247 472 42
612 514 10
45 28 2
200 563 42
224 229 3
399 311 29
450 409 33
315 4 49
297 279 2
511 262 43
159 277 43
506 390 27
304 345 36
410 311 49
7 11 16
35 220 1
381 205 8
235 557 17
136 303 35
172 193 41
481 557 19
68 508 8
21 468 12
452 601 15
608 171 34
403 55 24
438 574 37
370 332 18
203 352 17
268 217 39
339 414 47
433 111 27
106 211 6
98 208 34
478 404 47
601 84 44
547 493 22
4 283 46
61 319 31
78 165 19
473 188 30
441 469 27
281 506 48
283 255 50
354 524 6
397 504 21
613 218 8
427 539 11
405 122 24
188 69 48
401 229 8
330 111 45
356 324 10
576 619 36
229 138 10
132 326 46
17 474 32
519 311 1
164 300 18
224 233 29
286 583 25
600 332 30
370 378 11
118 519 8
564 183 7
258 453 35
462 563 22
585 219 43
366 83 33
330 164 7
6 38 7
122 57 21
199 240 24
588 481 28
521 560 43
453 329 20
135 512 15
512 596 45
314 275 42
5 128 5
191 486 12
520 129 9
345 377 48
186 419 13
215 189 46
95 226 49
490 583 22
26 383 45
97 472 31
364 441 21
303 28 44
309 167 23
449 603 6
530 40 42
584 409 31
65 363 14
86 205 31
375 50 27
158 55 37
94 237 41
464 285 6
402 169 25
353 128 11
442 316 48
439 262 26
331 136 21
547 348 37
422 241 50
404 564 23
35 472 22
560 570 2
367 143 44
419 10 19
523 604 45
602 410 17
367 16 8
110 72 42
379 522 12
599 139 4
236 524 45
586 65 42
423 404 38
156 50 45
237 234 23
360 542 49
588 120 24
350 307 40
155 577 28
56 255 30
268 286 6
437 113 45
438 483 7
185 458 21
218 583 49
397 166 3
573 559 5
511 522 35
427 227 21
428 121 32
219 520 45
180 488 40
129 81 35
1 262 25
454 174 3
403 127 34
334 394 45
553 390 24
81 95 2
172 283 17
129 114 6
1 160 11
300 418 25
110 465 31
559 255 7
434 199 15
500 291 41
392 251 9
545 368 2
312 89 43
90 555 10
43 121 43
121 468 30
444 20 15
235 290 7
610 605 36
443 429 48
423 80 1
582 604 14
19 407 41
244 383 26
306 202 25
411 89 16
265 11 10
51 569 10
604 245 21
158 192 11
421 265 6
516 617 45
227 130 22
195 126 39
274 324 37
534 117 31
126 175 1
480 604 49
64 387 25
1 272 12
22 330 44
273 322 14
210 462 37
34 537 1
524 402 2
537 447 33
496 424 15
147 227 20
431 150 25
608 576 49
139 274 26
196 396 13
35 565 33
297 34 29
469 94 20
318 441 13
372 406 26
397 586 40
596 313 13
591 487 1
421 515 25
450 384 39
461 153 34
126 24 33
438 578 46
502 14 37
48 340 18
299 451 36
253 411 45
558 457 2
511 22 27
53 607 8
415 166 48
546 102 38
243 6 17
448 559 2
190 381 8
17 388 7
73 522 30
300 29 19
179 157 28
171 589 5
238 92 3
187 531 27
231 587 41
586 477 49
60 382 27
489 452 2
126 484 1
482 99 42
602 352 1
556 516 40
132 85 1
597 238 19
340 270 31
189 456 42
249 557 24
76 274 38
45 298 29
366 525 37
522 16 4
589 82 23
462 291 2
347 287 10
320 97 24
27 57 14
300 403 42
229 281 16
185 77 40
546 572 42
185 273 49
388 317 20
82 230 13
195 126 46
500 55 42
186 115 10
441 30 3
43 364 3
254 393 29
520 206 1
429 462 4
210 12 5
615 321 25
360 141 2
349 296 12
392 39 7
88 261 42
617 423 29
466 399 45
568 271 7
200 76 40
615 548 39
203 363 48
329 587 37
476 565 45
308 254 37
220 565 28
232 270 22
103 410 24
135 482 31
335 404 39
163 591 9
152 84 5
192 574 45
31 234 34
387 60 38
328 209 8
357 581 25
156 518 32
423 498 50
549 283 18
80 554 10
53 518 23
497 189 32
283 207 39
410 62 47
467 284 15
348 544 29
592 397 33
409 289 15
590 429 9
612 554 26
304 273 15
604 229 7
242 281 12
153 353 25
86 398 28
3 284 37
126 205 30
404 523 2
275 377 12
89 175 17
346 121 50
308 385 5
340 587 4
505 251 37
478 237 37
67 37 11
162 564 20
133 568 22
268 476 37
487 172 8
566 275 40
512 584 39
398 476 25
495 521 16
393 592 15
549 147 43
399 496 42
611 401 14
208 411 41
263 565 10
138 391 26
126 488 25
356 96 15
25 545 10
139 287 30
21 612 25
102 213 46
54 203 1
611 447 13
244 4 13
347 39 21
188 165 5
463 256 12
490 23 7
1 489 13
75 81 25
228 569 28
600 434 11
390 329 28
23 317 10
595 471 46
501 127 24
59 294 37
267 596 28
178 256 16
247 32 49
449 463 36
205 517 50
264 423 33
303 28 37
92 49 30
562 531 19
456 403 7
314 255 11
508 540 35
213 232 49
372 230 46
153 428 28
443 272 35
238 288 39
506 325 50
88 99 34
256 622 41
309 399 20
254 282 39
357 515 43
63 11 29
505 467 27
75 317 40
214 303 8
622 203 20
361 202 46
333 451 46
435 139 38
295 521 1
169 6 45
235 455 16
348 318 14
51 229 10
187 460 42
339 467 47
417 423 42
144 473 23
61 8 38
591 31 21
69 199 24
362 432 7
296 177 35
389 332 30
405 118 32
561 381 6
308 74 28
444 179 32
291 216 1
414 58 31
509 77 30
249 330 8
255 262 6
253 505 45
278 95 35
192 556 30
523 604 24
78 255 50
492 169 40
574 125 38
424 130 6
241 5 47
96 187 33
461 538 3
417 122 33
74 262 10
594 137 35
113 241 7
224 317 20
594 225 40
306 515 18
202 178 48
172 571 9
156 23 42
558 348 27
488 382 13
565 40 10
473 273 38
376 412 36
81 373 14
352 529 41
478 418 11
449 24 6
403 324 12
539 224 27
120 314 42
145 475 4
218 81 9
99 265 13
118 610 36
509 241 24
131 457 16
434 435 48
428 451 28
555 105 50
471 483 19
516 257 44
454 583 34
34 25 1
228 353 29
395 130 4
595 367 18
231 143 38
123 131 36
105 494 19
319 595 34
193 50 5
412 383 11
408 138 37
492 309 37
357 507 43
225 142 37
259 32 37
318 407 6
544 147 15
204 53 40
218 347 22
339 477 41
305 17 12
388 193 15
386 201 9
294 620 44
109 166 6
318 497 10
17 159 20
526 496 48
403 290 44
196 538 16
539 493 32
545 332 46
429 259 43
94 29 29
39 45 7
388 540 43
83 286 37
573 146 1
391 102 12
191 357 9
12 458 19
468 280 10
240 508 45
147 244 41
354 206 3
80 138 30
223 173 21
275 79 7
212 363 11
238 193 6
13 433 40
547 21 22
274 592 43
282 571 25
94 501 35
311 567 25
280 124 36
448 136 16
85 577 18
354 136 1
102 295 38
174 598 31
226 529 6
380 598 46
157 24 24
2 476 17
580 159 28
246 304 16
399 514 47
98 606 22
274 165 23
291 344 1
457 482 41
527 467 12
145 487 13
326 7 42
332 126 31
349 310 38
27 591 20
43 198 50
226 233 34
468 238 2
286 493 30
478 450 33
511 5 2
457 187 1
461 198 6
337 610 43
554 271 30
197 486 29
67 48 19
271 288 1
310 126 30
56 523 1
108 461 23
571 70 25
251 470 19
483 48 43
204 298 5
565 335 8
180 343 45
250 273 21
17 87 37
3 290 27
421 479 4
517 387 33
249 337 10
357 96 43
205 210 29
395 443 44
363 592 16
201 500 15
532 397 25
65 429 10
522 189 19
224 493 41
83 225 20
361 478 10
400 126 10
375 5 34
139 616 41
91 31 15
50 185 48
23 619 42
115 163 34
178 183 26
620 51 26
482 498 1
547 270 19
263 573 5
575 174 13
58 407 47
252 240 28
470 150 10
487 465 27
242 603 23
125 423 20
329 259 6
277 261 8
85 347 33
405 576 26
179 208 48
267 292 13
267 366 20
465 486 9
373 474 16
518 495 23
139 294 24
251 375 40
276 226 22
161 57 22
177 303 8
532 185 29
225 607 3
532 209 22
49 393 45
509 157 19
194 180 7
595 527 26
339 39 7
495 256 38
137 304 17
476 302 32
196 172 24
549 597 29
561 409 15
609 81 36
391 178 17
257 122 31
58 93 29
346 318 22
38 373 44
84 612 30
313 581 23
501 456 49
407 591 20
383 384 44
413 207 27
314 613 43
17 400 38
183 227 16
307 41 5
222 401 42
248 496 10
236 58 30
423 313 47
616 299 49
567 242 37
258 579 10
586 52 44
219 247 2
332 591 20
377 93 37
288 362 20
33 145 12
124 277 27
337 120 6
325 46 37
339 601 42
392 4 40
144 15 4
531 382 36
484 517 46
134 230 3
459 271 9
523 268 32
218 149 34
271 48 49
138 274 32
243 136 24
613 328 47
223 273 46
425 353 7
134 2 45
36 98 11
101 599 33
565 351 39
263 498 6
134 511 42
241 255 41
49 586 28
426 4 7
319 164 8
522 177 41
49 400 20
120 469 26
230 359 11
175 463 23
92 243 28
281 151 16
427 25 21
63 77 6
207 365 18
155 621 34
471 261 47
526 28 8
175 547 11
364 540 19
274 455 3
160 378 49
43 288 28
584 384 10
464 539 28
611 511 8
520 397 11
529 270 16
560 608 22
506 621 41
187 253 26
566 475 20
545 321 15
566 365 48
388 596 14
611 53 10
422 198 12
334 569 49
426 168 3
84 351 9
131 566 37
182 440 2
346 147 29
455 123 5
68 380 27
330 77 16
553 457 9
326 416 42
519 284 13
316 283 13
12 295 50
399 101 22
348 415 50
177 512 42
223 260 29
446 492 10
559 198 42
2 389 11
331 297 38
183 170 37
75 591 2
146 505 27
286 414 17
576 538 18
154 159 32
136 467 8
107 480 14
45 300 14
570 33 17
587 512 17
482 399 22
78 431 15
590 367 35
530 337 32
619 563 40
209 326 16
68 400 27
119 574 50
325 372 50
303 332 38
4 611 8
24 154 5
133 291 8
208 167 42
578 349 43
606 17 2
28 250 13
239 27 11
201 426 14
203 530 12
612 407 28
90 60 20
281 252 20
25 262 41
499 530 32
70 138 31
591 486 12
27 606 5
6 468 27
290 303 27
605 247 18
303 5 27
567 320 42
385 291 1
329 102 3
29 413 49
38 517 27
312 515 50
513 155 23
550 123 42
225 263 40
398 458 20
583 118 43
184 75 13
375 348 12
423 228 13
431 226 33
410 314 27
277 374 39
77 27 50
6 38 8
581 67 40
162 545 27
465 186 50
509 240 8
561 386 16
325 489 9
16 64 21
484 52 27
380 60 14
53 121 12
421 84 3
365 492 4
223 202 47
608 461 39
28 441 9
54 379 6
265 208 39
553 1 29
453 373 49
171 502 14
498 436 20
52 342 40
500 330 17
527 142 40
308 58 32
143 390 35
217 250 47
25 56 8
28 366 22
271 538 31
295 235 2
248 282 39
236 97 15
340 503 27
147 263 22
161 171 32
533 361 12
531 174 26
479 42 47
618 75 6
496 208 42
135 483 4
251 379 24
64 359 44
253 168 16
520 8 38
370 477 34
358 184 29
156 464 43
423 142 10
3 217 40
349 190 16
230 112 8
407 304 38
188 374 37
43 106 49
612 580 28
257 244 20
395 379 46
139 315 17
463 164 7
320 529 32
312 78 28
269 204 42
492 204 46
45 380 15
79 377 6
399 144 6
587 38 49
56 257 29
183 311 23
87 527 4
76 439 40
68 610 6
219 319 37
107 322 15
398 107 39
596 348 9
405 261 34
322 394 39
383 270 14
108 438 7
226 438 35
541 146 28
571 448 2
562 122 15
45 157 47
233 236 23
14 441 6
122 53 43
58 125 48
541 176 27
237 73 20
179 552 40
285 100 21
552 445 19
285 442 4
358 379 2
361 513 9
387 7 33
166 539 38
531 412 7
247 533 14
542 129 47
443 33 14
227 304 12
192 87 46
575 184 24
260 79 44
420 456 5
82 319 40
208 521 22
600 37 35
412 502 41
408 453 49
59 38 2
494 586 23
520 401 1
452 454 28
248 320 19
84 385 32
64 13 28
7 256 26
33 120 37
142 1 5
16 409 34
147 94 47
578 425 23
157 555 10
199 271 50
317 79 22
514 298 12
244 184 26
531 604 35
389 75 3
203 161 14
387 55 47
239 16 10
334 72 14
437 218 13
582 220 50
133 570 6
451 517 28
192 481 1
613 537 49
267 402 13
131 41 36
307 247 37
408 181 11
466 127 31
133 415 36
582 77 29
69 470 47
263 499 30
308 117 13
377 66 16
155 221 13
564 87 19
459 554 39
142 366 28
516 573 48
241 89 26
357 294 2
248 531 44
97 544 35
548 344 14
511 495 26
405 55 1
487 131 43
56 65 44
564 275 44
88 14 28
112 278 21
287 63 10
558 233 33
541 498 32
147 480 34
169 148 1
236 392 21
564 3 44
408 518 42
397 172 16
165 36 23
135 461 24
192 569 14
287 135 31
504 593 33
91 5 1
245 372 13
8 598 10
495 522 3
394 543 46
409 221 4
598 141 11
107 351 43
466 28 15
392 285 21
254 495 29
475 448 13
155 55 27
476 505 29
149 288 12
496 354 11
207 533 29
133 302 17
270 153 20
79 433 19
219 410 47
485 224 46
132 590 27
160 170 46
492 368 17
590 430 39
413 18 12
260 278 6
161 425 27
68 41 15
408 320 38
540 423 39
433 271 38
588 399 9
591 250 36
472 134 13
572 68 13
590 212 33
260 551 43
457 364 40
544 57 15
520 310 37
206 100 11
570 453 15
259 512 18
369 266 11
440 331 11
368 449 34
615 283 46
8 295 24
559 513 21
254 87 38
396 408 1
150 221 22
193 151 27
519 457 50
362 8 2
477 418 32
493 511 23
467 437 29
124 72 26
102 486 31
191 453 48
454 263 6
308 282 37
337 227 14
346 159 27
22 123 43
248 172 45
49 171 21
503 532 40
2 60 9
364 182 25
357 449 17
246 366 13
531 6 30
440 210 48
17 295 44
128 38 2
132 297 14
125 579 6
461 241 22
412 230 10
420 594 23
463 434 32
118 34 35
434 227 20
578 202 30
360 532 26
405 322 24
280 424 10
169 360 15
180 353 24
86 275 43
312 41 9
240 256 33
243 411 45
541 461 28
410 36 22
180 513 34
148 445 45
271 537 19
175 533 33
253 546 43
213 402 12
210 62 35
500 443 4
602 14 17
82 101 48
508 109 34
132 259 11
413 235 3
166 246 1
616 619 13
292 88 5
422 5 7
572 29 35
314 227 31
362 224 1
114 126 30
606 5 30
197 150 2
438 117 25
234 563 7
10 407 47
218 621 5
131 68 48
376 89 2
616 337 46
445 465 14
136 547 35
201 183 35
225 408 19
160 613 32
584 8 30
272 456 32
511 327 5
111 587 16
376 402 22
45 363 35
527 530 46
2 56 40
528 32 40
402 317 2
80 467 47
89 499 40
383 130 1
319 619 4
47 314 39
138 600 22
333 578 19
180 435 44
562 270 46
512 130 16
397 203 29
406 408 4
204 234 7
26 272 6
23 535 40
366 126 12
593 580 27
351 497 38
356 323 32
565 136 42
186 216 40
162 324 5
486 558 17
608 422 5
109 360 16
479 483 17
617 330 7
252 374 16
33 380 45
269 3 19
375 503 34
454 597 49
490 68 41
120 57 19
250 595 20
64 307 13
266 91 41
9 141 50
354 440 26
331 271 35
533 554 15
36 5 32
245 472 33
402 606 1
474 127 46
311 122 3
30 238 3
424 553 34
535 464 5
483 594 36
232 108 31
245 211 17
248 222 16
543 405 28
251 423 11
620 37 24
19 333 24
22 293 30
188 512 29
461 587 16
167 55 44
293 339 38
219 45 50
4 170 26
619 226 35
116 475 34
343 582 36
29 466 16
294 141 27
409 31 29
532 609 47
187 318 39
19 300 32
507 579 44
188 313 24
483 180 26
268 520 45
415 547 26
392 566 6
20 531 1
489 21 1
5 37 12
398 246 4
517 446 5
190 129 47
412 280 26
30 86 28
243 188 21
560 269 35
402 205 38
471 555 40
283 561 1
317 248 14
435 372 28
148 436 37
602 582 42
430 44 4
190 459 39
596 83 41
320 58 4
480 580 7
257 451 42
12 58 22
515 367 14
580 392 23
369 566 39
444 527 20
59 545 36
339 128 14
447 41 10
483 152 5
521 35 49
174 459 30
205 89 20
48 522 26
442 561 6
560 438 2
60 437 10
343 583 29
300 222 19
362 388 22
592 379 19
418 68 2
513 458 6
535 6 17
26 181 43
528 493 12
565 40 45
266 428 20
557 240 15
237 225 2
330 88 26
25 198 34
406 186 46
392 401 14
163 226 37
328 147 13
382 241 32
615 355 17
390 179 47
490 521 38
376 251 24
317 102 43
302 123 24
321 237 48
112 288 4
565 356 34
146 398 43
578 494 28
449 436 40
360 486 23
509 334 28
14 91 40
65 46 6
406 272 11
557 4 30
318 102 48
361 591 30
351 529 27
244 565 3
283 149 13
82 189 24
431 532 1
207 129 19
257 327 49
238 140 24
436 325 22
311 272 33
81 279 40
453 335 9
64 485 6
440 184 48
586 33 19
36 544 26
332 35 9
214 424 27
401 297 8
350 271 14
236 22 17
448 481 12
512 567 37
267 486 7
240 344 36
170 15 14
463 236 38
187 130 39
479 55 43
102 399 2
327 545 24
553 166 28
367 463 29
289 265 20
433 457 9
398 244 3
301 551 35
507 206 37
215 485 27
166 322 10
139 246 16
175 493 50
295 569 6
53 528 38
255 468 6
217 129 50
435 294 39
211 469 12
590 127 11
224 166 29
151 340 6
100 443 16
73 529 16
600 308 45
198 136 29
512 329 15
619 374 21
430 150 4
494 482 49
23 206 50
336 614 4
443 425 23
3 510 23
192 162 34
14 201 7
178 441 4
576 246 22
19 137 39
563 603 37
288 541 13
172 261 7
93 144 15
83 193 45
177 486 44
101 259 43
105 440 25
393 468 43
347 325 49
327 27 35
508 523 47
587 3 38
5 499 47
71 507 9
102 80 35
192 525 18
527 597 2
325 216 34
312 616 49
482 603 30
564 316 35
557 436 26
466 191 32
510 94 46
311 369 15
296 485 23
336 374 30
620 19 46
174 436 29
256 286 9
530 50 39
281 155 46
439 164 23
357 184 3
177 203 43
136 412 30
39 133 18
67 342 36
172 481 34
486 261 48
7 419 22
207 27 12
340 403 44
100 307 25
276 438 29
458 267 8
421 287 40
613 540 29
169 323 49
192 44 16
143 29 28
205 496 6
437 201 32
242 580 23
238 354 13
107 344 19
620 81 29
150 205 40
397 251 28
212 361 9
65 336 15
559 390 2
538 3 40
143 236 26
306 385 44
555 238 38
444 608 4
564 505 5
351 522 3
441 530 24
127 266 15
176 169 8
187 256 17
225 380 45
264 575 11
541 132 16
195 271 49
56 512 22
162 234 49
323 245 27
238 228 40
475 600 23
618 115 47
293 93 9
463 588 35
114 269 35
224 467 3
5 445 23
434 350 4
263 170 44
494 528 1
58 47 22
67 556 34
387 352 48
238 591 7
1 376 39
256 89 1
225 462 36
574 172 17
323 86 47
563 266 40
405 214 8
556 615 27
431 586 5
484 249 24
284 338 11
332 584 50
273 51 15
293 482 7
111 235 20
226 421 22
338 553 31
19 103 40
190 369 33
250 26 16
12 352 1
164 600 3
241 197 35
523 118 32
422 225 36
417 590 25
181 324 9
14 330 27
63 610 50
289 201 40
100 305 12
485 453 46
600 152 3
551 269 26
434 538 33
315 157 49
308 287 12
359 215 6
187 102 4
52 491 45
161 390 1
97 402 47
310 228 28
458 148 24
234 386 18
289 619 26
557 75 49
344 246 7
230 219 33
576 39 14
516 254 6
219 511 30
23 159 34
84 541 26
10 297 39
524 447 14
29 532 35
269 130 48
622 370 15
288 291 13
436 446 22
355 398 41
155 82 43
582 219 15
520 485 38
111 448 33
210 207 6
252 223 49
154 75 3
376 299 24
108 609 32
316 239 45
350 287 3
178 281 32
500 470 46
308 17 44
412 21 48
550 189 7
548 289 19
284 391 8
35 250 47
48 383 25
507 534 39
446 174 7
257 602 3
248 255 2
209 483 33
45 286 38
69 406 4
173 382 47
81 270 30
433 360 33
284 235 5
268 171 32
40 558 21
355 315 6
199 281 11
179 128 11
618 75 34
599 229 41
331 396 21
174 152 44
41 541 44
201 162 30
405 167 13
603 138 16
161 8 3
343 104 43
448 7 33
183 68 45
190 573 44
375 592 50
462 184 33
128 313 27
340 222 26
437 160 22
328 130 20
543 47 35
575 273 38
199 245 42
515 149 10
153 102 43
64 464 29
315 29 27
459 263 4
621 510 49
38 505 18
564 401 3
473 154 1
214 276 3
468 62 27
170 251 32
135 373 50
418 137 39
108 491 27
420 193 32
365 29 19
73 314 15
512 219 25
598 229 18
463 225 39
497 345 17
612 581 27
89 157 47
314 272 14
10 250 17
60 215 35
139 303 49
537 507 19
69 122 9
78 387 42
30 399 21
141 380 38
592 540 5
114 322 24
112 298 17
596 220 47
228 12 18
325 340 36
502 32 21
284 373 21
473 291 36
314 507 28
114 57 29
447 195 41
351 268 33
567 296 18
441 7 31
257 243 32
511 289 8
255 573 34
86 279 14
201 406 13
301 326 16
411 562 31
124 569 11
88 36 27
610 559 28
604 351 25
107 26 40
141 32 45
277 17 38
463 183 35
230 317 15
521 257 24
411 20 30
385 133 32
81 544 7
226 411 12
491 508 46
226 399 37
2 499 6
371 240 27
516 578 19
226 530 31
271 16 20
553 482 43
119 272 9
435 455 18
548 499 48
35 292 20
15 68 2
48 362 19
393 378 14
261 608 1
528 606 33
174 613 38
589 616 49
576 305 16
364 416 28
497 442 2
330 114 1
592 460 36
399 193 29
101 537 10
77 109 41
571 291 5
20 197 37
182 303 50
127 364 21
148 198 7
298 47 29
490 152 48
49 36 27
149 46 49
478 344 45
163 297 10
562 115 24
189 96 17
107 381 46
381 169 21
398 449 42
340 223 14
265 450 36
261 209 40
554 424 41
317 6 13
23 265 5
216 549 11
387 516 37
367 531 46
278 265 30
159 202 50
506 43 34
541 612 10
191 292 33
405 91 34
299 617 42
537 425 2
407 217 28
462 308 38
169 246 33
235 603 34
432 130 36
2 96 31
417 97 15
14 372 20
566 427 6
87 247 40
108 609 22
564 524 27
69 283 43
383 576 26
525 273 6
298 153 43
345 260 26
213 434 1
602 269 16
115 95 41
409 345 1
73 69 24
560 437 44
100 498 20
524 577 10
430 130 31
539 446 37
95 83 9
572 385 13
442 571 26
333 198 36
75 280 38
95 536 46
145 595 25
616 276 37
585 398 14
580 275 42
597 127 42
412 262 34
341 175 14
187 419 40
228 414 42
249 214 26
386 393 30
524 332 2
279 30 1
265 355 26
317 107 29
565 162 3
139 159 26
455 159 24
197 563 36
419 194 24
183 38 30
81 56 15
534 463 44
222 133 47
314 27 49
22 179 11
394 387 24
320 301 35
546 549 15
304 310 32
194 211 44
431 202 27
216 229 4
270 80 22
82 250 13
304 102 25
525 333 38
596 157 11
300 491 35
279 118 49
17 222 26
272 298 37
533 371 9
236 475 41
318 359 46
607 617 19
108 337 2
621 500 41
96 418 43
458 594 42
187 422 35
33 170 22
324 103 42
312 384 13
480 416 18
477 543 34
22 1 18
599 134 41
343 448 2
117 204 34
105 310 37
613 48 1
430 471 8
207 482 18
508 452 34
286 337 32
454 117 1
54 592 50
257 87 14
30 218 21
78 309 38
567 226 2
393 360 19
265 206 12
206 169 29
199 208 32
185 97 1
502 445 23
15 139 4
246 607 32
439 473 12
134 586 16
312 255 22
117 309 39
333 87 8
440 147 47
399 581 46
100 159 46
132 400 23
337 491 18
438 221 31
120 74 27
377 15 4
459 333 21
118 214 27
289 73 6
147 324 22
43 204 2
426 51 24
479 385 43
156 20 3
477 460 43
606 213 26
228 50 23
346 612 43
247 294 9
432 428 14
510 317 19
425 47 24
355 87 8
332 58 34
522 346 9
275 495 27
193 323 47
229 353 26
571 412 42
234 286 49
216 344 45
401 365 6
374 471 43
146 322 43
134 297 10
27 85 1
80 317 41
220 377 34
179 478 33
10 165 16
209 549 24
130 65 31
180 181 41
20 257 15
425 179 40
12 455 22
567 439 35
454 139 21
447 283 48
94 434 46
270 392 20
436 369 35
93 169 21
54 610 9
311 412 10
380 378 36
351 353 49
424 172 36
454 305 19
412 522 22
447 373 7
607 612 30
488 37 40
274 113 45
156 180 12
368 145 37
521 145 3
93 299 42
507 282 49
428 217 36
250 55 22
305 430 29
453 11 29
105 572 5
554 242 29
423 459 16
74 379 11
262 538 48
585 282 28
434 122 48
7 419 39
236 283 8
545 523 31
409 37 28
428 124 28
70 364 28
211 455 42
270 15 39
335 79 11
44 165 27
198 233 39
103 77 16
181 61 11
124 575 13
402 357 7
520 489 37
265 556 1
427 90 28
93 200 15
164 573 26
125 278 15
249 406 46
446 217 17
552 440 43
383 260 40
225 466 15
586 306 14
117 453 13
132 617 23
13 34 20
190 564 13
529 327 3
115 474 7
322 130 39
217 521 33
430 36 44
542 52 18
181 387 3
583 310 16
500 77 48
365 260 26
168 232 10
525 619 11
329 459 25
345 308 9
198 80 29
533 235 44
527 345 39
176 4 50
66 277 6
223 112 47
493 8 35
464 434 6
244 404 21
6 392 6
326 345 6
37 475 24
101 135 33
366 405 42
614 605 49
404 584 21
266 340 26
482 604 44
552 16 7
241 548 44
250 97 8
194 232 11
24 277 41
266 193 46
42 366 28
165 307 24
2 127 34
601 423 49
97 129 40
188 418 28
376 2 13
152 452 49
593 577 8
348 381 13
257 235 32
574 310 28
325 314 24
398 410 45
389 210 31
546 60 10
518 312 28
326 354 25
291 81 31
546 148 7
62 359 5
308 613 1
364 406 41
561 462 29
372 52 46
571 303 26
538 571 20
310 50 44
230 75 20
64 291 5
554 207 36
172 110 23
605 126 4
325 524 19
223 145 28
126 52 34
498 178 48
244 570 49
415 83 30
386 407 15
490 14 15
419 378 44
255 223 39
454 496 20
73 235 26
157 283 11
504 557 31
448 411 25
336 495 28
603 261 50
307 395 47
615 555 8
252 212 19
569 496 49
119 439 23
89 272 6
127 427 8
464 619 38
325 78 43
440 329 14
492 540 15
351 620 44
100 503 16
375 87 20
101 118 37
597 255 24
92 500 47
85 173 15
188 101 23
380 273 50
539 13 20
112 329 50
46 119 7
310 291 2
215 336 30
345 570 6
54 497 38
188 212 8
409 284 45
291 383 48
403 52 17
301 603 46
458 154 32
412 61 19
143 49 15
153 590 35
280 13 14
102 125 44
457 344 41
491 168 42
606 551 28
50 530 26
267 294 33
34 2 33
92 598 44
192 77 32
3 343 45
598 496 47
323 40 35
355 224 42
482 585 49
242 237 1
120 607 22
423 521 40
428 94 47
338 299 28
144 353 28
150 12 22
503 530 19
58 222 4
610 116 33
479 572 21
155 554 18
376 28 19
9 467 45
238 310 49
79 189 19
129 175 7
89 31 35
190 2 30
121 420 33
225 376 45
620 524 22
84 209 16
8 182 36
369 110 20
510 146 35
495 392 35
492 20 32
495 591 20
517 215 42
33 183 43
564 100 47
500 156 45
176 238 14
101 474 8
589 262 12
509 498 8
28 237 7
516 598 39
504 590 21
163 304 4
96 137 16
178 196 42
281 378 21
44 307 31
552 415 48
7 150 15
433 611 49
412 303 23
565 500 23
411 429 7
93 602 10
306 622 44
592 453 7
518 459 34
237 536 2
184 440 38
503 87 49
410 10 48
469 485 27
494 117 11
420 571 21
50 357 40
521 199 28
524 38 13
488 377 1
21 533 39
18 515 1
214 216 16
155 569 27
84 251 24
380 503 36
318 336 17
595 549 47
393 317 38
408 318 50
299 287 19
276 407 4
115 333 35
329 457 4
359 585 30
347 175 24
314 400 36
117 348 21
462 183 3
547 485 14
593 458 8
118 350 12
360 529 6
298 421 48
248 60 38
145 253 30
545 215 27
146 178 20
204 246 38
213 442 20
395 235 23
563 534 7
257 447 40
227 64 43
619 298 24
256 295 12
35 306 11
42 175 10
569 573 11
276 271 1
582 210 26
157 65 6
395 495 2
605 198 15
104 212 19
217 595 7
202 558 48
566 16 39
7 119 34
10 48 47
309 163 7
140 617 24
109 23 45
128 45 6
10 19 20
516 310 10
419 369 29
265 521 39
589 48 12
250 403 29
95 294 43
165 365 37
614 83 36
462 439 29
30 36 23
112 293 30
210 567 28
83 19 22
147 61 38
592 194 2
522 342 29
200 227 21
58 129 31
473 82 15
300 437 49
110 151 37
396 389 30
225 346 10
219 436 50
466 448 13
62 622 3
100 585 31
284 204 7
369 175 13
495 615 30
334 346 28
435 579 41
25 614 32
160 257 27
19 566 21
185 452 24
172 613 13
21 275 30
251 279 37
534 155 17
305 234 27
32 305 1
332 595 12
146 105 44
160 577 46
185 397 8
353 430 19
67 130 20
154 78 50
153 583 27
511 481 40
210 286 46
608 286 13
259 488 8
107 274 47
618 561 21
251 512 15
394 194 15
215 77 39
222 514 2
198 250 17
142 52 1
354 215 48
328 491 12
258 218 6
390 345 40
134 238 10
215 297 26
207 612 18
451 264 13
113 610 30
342 604 50
223 467 6
201 82 17
109 12 16
619 285 32
312 41 40
222 323 22
557 181 18
556 78 32
564 382 16
385 199 4
104 387 27
74 445 10
294 301 41
13 10 18
589 515 4
509 439 6
145 14 44
255 583 39
3 582 23
239 189 4
76 437 11
353 257 34
448 277 27
27 125 4
449 207 10
79 548 8
36 552 19
263 384 39
303 225 47
330 306 23
153 62 2
137 178 50
217 238 9
165 182 11
527 98 50
81 620 12
567 100 21
501 54 1
237 592 47
172 456 22
517 538 1
88 91 21
430 394 1
5 618 35
405 457 24
137 297 1
546 476 20
42 245 5
435 544 50
224 55 15
185 334 8
115 343 33
321 457 38
343 71 4
590 432 26
300 490 1
6 226 12
232 146 50
182 499 47
503 96 11
310 52 6
621 244 29
582 173 31
366 474 1
538 543 7
456 248 29
391 261 7
344 308 41
317 123 16
301 376 15
223 50 10
530 298 24
20 617 37
59 293 3
210 496 30
263 606 25
324 586 47
593 179 9
163 513 37
96 498 33
124 542 1
422 610 15
433 192 23
191 516 23
570 589 33
396 178 29
224 433 49
560 97 46
194 466 19
502 13 46
113 70 13
170 119 33
462 481 3
370 497 7
60 457 43
564 251 7
289 482 41
153 401 32
597 101 2
104 303 49
37 451 28
363 308 7
21 360 34
186 378 50
276 513 43
609 559 23
522 217 27
285 319 18
1 108 45
329 305 18
485 253 24
508 370 43
525 503 46
184 268 43
488 187 42
8 268 21
198 150 16
298 323 23
357 286 41
492 371 22
529 492 37
435 92 19
195 17 3
381 128 9
490 513 30
31 496 37
616 181 2
57 74 12
577 582 47
529 376 2
247 272 11
606 41 26
11 145 41
39 2 17
352 602 3
95 233 31
405 83 9
610 386 19
347 502 50
201 518 21
299 175 48
268 468 27
74 10 3
465 362 2
162 450 19
163 113 34
226 29 34
52 65 34
583 426 19
351 96 28
309 593 8
91 341 1
131 368 38
347 128 37
418 132 46
297 324 18
319 384 33
391 582 41
376 388 17
598 395 34
394 374 30
407 439 40
140 579 26
107 609 34
367 65 45
85 448 1
53 492 3
521 213 42
519 546 40
593 61 32
212 368 34
423 302 26
56 373 20
414 608 14
211 301 9
481 285 40
597 275 36
166 123 50
495 482 37
433 396 6
197 345 49
477 475 17
78 603 36
328 191 12
325 64 12
260 104 21
388 156 43
167 300 37
419 282 38
152 197 14
563 503 4
195 498 4
311 178 41
556 247 2
526 373 21
62 330 24
249 382 47
522 38 11
527 476 10
195 397 18
54 337 10
12 64 48
347 545 48
81 522 24
282 87 46
159 402 39
282 576 3
158 91 36
176 454 29
547 105 3
90 384 37
331 263 16
277 341 1
95 329 46
6 158 21
380 365 47
374 266 24
83 198 3
611 297 6
131 323 29
246 482 28
233 585 20
521 77 26
9 22 25
394 205 27
134 610 36
50 183 39
462 206 36
53 215 21
4 156 18
509 90 26
15 369 21
567 296 34
181 470 44
139 484 34
288 506 11
589 570 1
49 60 15
167 616 27
321 45 31
128 407 5
371 320 35
13 162 6
95 607 50
509 88 3
494 566 34
236 576 36
535 332 17
547 219 19
602 291 26
187 315 39
159 318 8
294 54 14
221 101 43
465 460 11
386 391 1
163 2 47
351 158 49
544 234 13
529 620 23
303 17 43
173 430 10
510 157 10
25 609 18
224 371 6
438 410 5
234 376 44
412 342 3
64 91 30
214 4 18
139 26 9
357 434 34
66 258 14
500 22 10
608 481 25
413 33 41
57 319 3
536 135 28
379 544 37
90 353 6
304 488 45
609 197 3
123 241 26
610 35 47
166 149 22
604 215 15
496 487 42
40 556 36
408 269 29
494 596 40
20 459 46
300 457 9
614 592 32
192 484 29
525 226 27
277 383 48
456 106 17
522 96 36
536 237 6
98 265 1
89 473 26
66 520 10
99 134 28
460 398 11
131 50 19
392 228 23
522 114 43
516 427 38
524 105 1
416 292 4
147 434 43
301 327 27
317 343 34
578 560 4
92 609 26
149 132 48
292 2 15
196 379 35
192 481 4
180 268 27
193 200 40
331 446 36
62 22 39
271 134 3
4 124 30
602 197 23
167 255 17
598 132 39
40 45 18
486 207 26
256 610 35
18 150 3
208 359 25
422 23 19
596 63 46
93 550 37
40 146 49
199 374 22
328 87 6
578 114 17
257 416 28
111 342 36
194 511 50
111 387 1
42 74 45
87 23 44
608 518 39
538 530 45
223 163 46
320 247 50
601 176 46
612 94 21
108 591 17
292 461 17
250 554 27
435 597 47
315 387 48
390 389 12
562 245 16
268 292 18
230 122 47
186 87 26
295 281 6
77 82 7
596 213 40
231 64 48
351 170 14
14 308 45
590 510 6
196 204 35
224 145 49
413 159 7
251 316 35
173 352 45
517 291 36
23 252 13
422 267 30
107 237 17
222 97 22
54 76 16
185 178 3
228 358 22
332 152 16
36 14 9
451 15 38
303 127 9
4 71 12
352 102 28
322 238 11
232 331 33
461 154 42
66 264 7
242 220 49
558 552 27
30 493 44
593 112 20
120 572 16
397 336 25
369 312 39
602 360 22
618 503 34
360 364 1
417 82 21
129 546 18
602 401 6
471 600 42
296 447 45
380 466 49
611 262 27
271 516 31
454 249 3
317 165 15
78 167 16
158 34 7
479 450 11
585 378 13
373 82 22
524 22 18
323 234 42
44 244 24
214 473 40
445 177 43
40 401 14
409 38 33
365 435 5
459 303 16
451 138 35
445 570 42
101 556 29
575 44 12
171 106 29
565 300 28
57 222 47
51 436 41
587 350 29
108 21 29
127 26 46
584 355 12
475 370 16
507 402 31
159 252 31
172 492 19
357 521 31
310 90 12
464 182 37
184 340 3
494 260 27
39 620 16
158 227 1
470 179 3
129 394 20
523 235 6
499 330 16
485 295 43
41 516 7
509 374 12
358 220 48
400 376 31
443 36 30
264 431 34
24 422 28
62 269 42
591 375 20
254 412 31
494 31 5
461 411 21
15 326 4
618 210 37
458 185 23
583 484 14
244 521 23
329 312 18
404 83 42
192 427 30
154 575 26
465 242 49
3 178 40
63 618 2
96 553 27
586 564 30
564 225 2
106 158 20
343 137 24
79 601 45
401 240 5
239 152 44
175 78 23
547 186 8
100 328 40
231 131 12
402 587 9
48 269 7
547 149 16
452 604 45
54 338 6
533 225 31
472 593 27
321 201 4
571 406 16
30 570 24
481 161 41
478 101 38
619 495 34
51 619 50
172 444 26
340 274 10
70 472 36
487 500 28
117 136 15
137 91 1
179 66 30
153 416 35
97 102 13
601 98 24
478 345 44
321 402 33
119 123 15
444 222 18
607 221 29
75 612 32
513 306 17
563 31 29
522 553 32
35 249 19
496 494 16
285 203 15
527 72 7
63 328 42
532 184 28
23 137 48
184 138 45
93 29 23
607 221 44
414 496 14
556 243 10
119 339 42
448 427 47
357 367 20
534 548 44
351 321 3
404 622 45
290 585 8
29 410 24
140 343 33
327 612 49
78 453 19
407 377 16
212 235 15
173 284 1
538 153 30
110 259 41
116 501 26
484 45 41
430 616 40
504 59 43
53 490 47
319 368 37
255 521 24
459 386 50
233 284 14
485 274 22
52 135 42
108 348 41
365 170 23
449 348 44
179 13 39
33 70 33
597 77 3
543 149 13
308 589 29
226 122 13
607 155 16
613 487 14
130 446 24
225 289 7
70 465 48
196 309 17
254 533 6
500 593 48
153 203 48
200 395 3
480 56 43
192 132 36
201 205 44
242 228 38
505 378 28
304 138 38
420 538 45
473 100 49
622 421 13
223 362 6
304 326 37
435 573 50
208 337 30
594 477 49
440 510 31
250 174 25
54 77 28
531 393 48
342 603 13
318 177 11
322 462 50
454 299 42
313 236 35
61 552 9
338 78 35
286 348 27
196 563 9
247 35 6
553 10 17
380 148 19
372 293 22
314 218 24
122 405 23
264 553 14
189 81 24
84 311 1
91 306 5
2 318 6
306 455 27
396 113 37
254 498 2
387 74 19
369 107 32
594 581 18
128 22 10
422 620 33
486 457 27
45 381 9
102 570 27
204 515 19
441 522 35
48 587 13
361 203 11
125 424 19
508 297 16
309 508 36
14 559 34
457 212 33
373 284 32
230 59 35
315 505 18
200 385 34
17 165 1
299 287 7
297 25 19
182 440 46
271 541 44
274 100 32
227 180 1
305 365 7
128 570 14
192 340 5
513 402 33
360 78 45
622 81 33
457 218 6
55 62 50
449 572 40
157 340 13
86 437 2
451 180 45
42 378 21
309 599 12
50 593 42
528 82 8
17 607 4
13 516 7
315 332 1
119 475 38
280 17 2
496 6 31
178 242 46
305 544 24
160 356 3
574 246 44
295 494 12
322 98 14
380 492 34
546 555 13
519 150 47
140 127 34
363 284 34
483 206 50
7 189 25
462 443 18
243 145 9
582 241 5
494 280 13
424 44 2
396 277 23
246 5 39
114 408 2
391 427 6
260 570 11
121 184 15
185 507 47
128 225 23
220 319 30
222 75 30
22 287 16
601 240 11
248 258 38
242 358 1
533 243 8
189 559 8
323 572 19
61 381 36
330 449 40
383 98 15
94 514 47
347 575 29
276 228 7
259 210 4
382 93 44
85 446 31
71 344 38
456 568 40
276 113 29
266 242 49
230 174 6
199 18 9
291 292 12
82 406 5
109 455 30
274 187 20
503 475 2
241 296 3
346 535 29
488 239 2
65 235 11
150 451 26
373 321 46
292 255 38
464 51 25
412 482 6
157 316 15
379 526 6
397 502 17
45 621 31
169 536 6
61 83 28
258 74 13
145 91 9
612 122 10
86 302 34
578 440 25
489 165 13
410 455 27
63 382 45
199 389 6
462 8 3
76 367 14
168 454 7
396 390 9
589 91 33
325 428 26
200 471 46
579 55 8
190 354 2
504 124 42
374 186 11
300 91 6
620 131 45
165 373 14
393 329 46
503 54 12
86 31 29
74 378 7
548 446 23
305 117 11
47 144 40
559 570 11
356 56 12
566 75 42
35 22 14
93 425 36
589 424 47
499 285 12
383 129 8
457 545 35
154 554 5
541 429 33
214 149 20
51 545 3
8 138 13
37 456 8
99 551 39
77 388 6
474 229 18
508 621 42
76 553 22
501 174 37
149 161 26
529 564 28
51 620 21
553 49 11
456 54 5
105 375 33
95 125 45
540 501 29
422 556 21
352 194 17
264 592 45
228 269 39
413 441 10
290 396 29
502 226 40
584 115 11
569 471 36
172 485 29
86 181 8
149 168 47
175 230 11
217 152 13
282 194 25
582 565 20
540 502 1
319 616 31
432 221 3
307 382 7
85 322 9
572 86 24
380 426 22
550 167 16
267 168 6
485 388 49
270 418 34
529 610 45
588 386 12
438 598 28
590 30 40
369 316 1
15 504 33
455 273 48
138 199 44
461 544 41
597 432 28
130 85 13
620 357 42
481 285 28
551 161 22
446 593 21
538 321 10
196 204 48
208 398 20
374 164 26
404 341 45
362 158 4
573 369 46
159 561 23
410 223 39
589 231 44
35 85 9
239 259 15
297 104 16
222 124 35
427 23 21
300 76 23
358 337 8
211 580 40
400 455 24
207 201 2
374 444 7
261 414 15
324 593 17
558 26 14
584 447 5
490 151 18
374 228 4
481 94 39
89 328 6
360 49 8
610 200 5
519 404 18
54 375 20
213 471 46
377 393 38
430 168 40
299 517 49
405 246 30
159 177 30
195 259 24
347 241 26
483 584 2
276 29 10
597 217 50
88 469 21
396 457 18
380 519 49
519 87 40
565 5 38
531 88 40
515 517 10
202 456 41
530 451 42
250 415 32
336 374 37
473 21 16
512 60 32
57 183 5
169 438 43
138 199 2
436 329 42
482 64 17
175 80 5
11 237 9
47 65 12
34 178 19
407 227 5
92 445 45
134 335 9
288 55 44
354 234 22
36 514 12
617 94 26
50 609 23
531 407 50
245 18 47
559 3 34
617 59 29
353 57 33
271 127 34
284 288 13
489 28 44
326 537 5
98 73 32
171 583 12
117 303 48
411 307 20
527 185 35
69 162 30
353 185 49
553 561 38
374 480 46
32 519 47
130 94 29
270 587 14
135 432 16
47 408 5
448 112 27
280 501 17
398 428 34
207 107 43
378 203 34
13 218 28
322 312 18
485 325 43
615 489 13
168 482 3
148 470 15
56 289 15
151 238 30
107 99 49
118 405 32
82 417 35
28 383 50
541 621 28
385 411 16
528 582 24
597 457 7
221 516 43
123 376 40
92 418 8
534 70 14
390 195 29
263 34 28
453 103 40
438 559 1
33 108 19
264 471 30
589 71 39
447 429 47
145 358 1
44 314 24
50 356 17
208 24 32
172 167 29
175 373 50
291 363 37
257 338 41
244 395 43
375 121 16
569 200 26
257 528 10
357 361 49
574 418 23
177 585 16
528 245 42
461 441 48
118 205 25
352 195 4
18 583 22
36 614 28
455 464 1
309 158 47
430 153 34
483 578 27
319 122 48
25 554 25
191 22 32
488 291 38
232 511 28
65 64 4
135 11 23
347 470 10
392 124 30
195 437 48
138 507 24
111 134 28
621 525 22
45 384 37
138 69 45
470 35 42
293 32 42
521 191 12
502 557 37
21 288 23
176 609 49
556 121 22
139 314 44
197 363 19
369 172 14
429 452 5
529 67 10
293 122 13
360 159 18
55 450 15
15 265 33
595 408 22
114 194 39
573 512 3
174 330 31
73 138 20
153 160 18
118 94 12
194 138 29
276 552 17
225 575 26
206 296 13
117 540 16
370 614 26
189 444 10
419 549 4
7 194 37
140 199 20
622 331 3
104 386 21
428 60 14
53 9 46
539 434 27
275 315 1
484 453 44
551 467 45
576 504 30
577 243 10
346 203 12
41 1 11
429 501 30
384 329 23
473 39 35
360 274 50
567 439 32
207 462 5
405 369 29
151 327 17
18 79 13
141 595 20
307 81 12
620 504 45
45 290 39
435 388 40
483 531 49
424 512 7
193 197 13
84 195 29
530 351 16
579 619 5
383 196 41
281 558 28
363 317 47
522 396 21
448 537 46
436 581 27
475 148 6
122 349 17
542 6 39
463 495 10
152 588 11
70 83 23
477 414 17
222 275 19
571 4 34
9 495 49
467 18 43
336 406 46
35 467 5
445 365 22
556 92 4
223 94 6
496 583 41
150 23 35
343 303 31
30 148 33
70 7 35
252 536 30
291 595 49
225 409 14
182 239 23
499 447 8
148 368 14
284 109 30
112 174 22
191 229 30
482 98 6
187 559 28
118 407 32
64 591 49
114 324 21
239 442 43
147 38 6
588 439 2
368 514 8
345 357 40
52 159 45
146 611 12
200 429 7
130 391 1
35 304 43
312 367 49
122 351 3
574 253 39
543 163 21
136 38 47
207 420 35
256 579 1
292 26 15
116 59 13
202 235 50
400 134 19
115 363 6
522 547 12
438 156 11
80 554 6
452 337 48
313 57 48
309 479 27
244 535 19
81 515 27
353 338 32
420 310 15
271 324 47
31 490 1
449 520 45
311 367 26
344 261 14
34 180 1
224 193 42
425 354 42
451 131 12
322 410 31
590 115 34
1 336 3
49 305 47
443 615 33
312 400 9
263 128 25
410 272 17
543 456 41
39 80 30
15 449 4
60 301 45
316 418 26
345 91 44
344 362 49
425 611 6
45 524 14
76 262 16
244 33 49
3 499 22
319 549 2
508 28 46
539 275 32
354 488 25
142 409 13
453 452 38
24 406 18
456 311 2
417 411 32
178 197 46
308 51 37
441 99 22
211 418 25
318 521 43
106 491 32
605 68 30
443 96 43
497 214 21
396 364 34
307 343 7
520 81 47
203 82 2
364 321 40
437 297 1
529 350 49
538 355 38
589 132 3
248 102 31
617 124 2
180 165 13
341 576 8
409 541 6
379 343 5
231 253 8
608 236 23
235 497 34
542 141 35
216 290 32
598 381 7
308 224 47
11 484 47
90 125 45
336 100 20
559 167 30
193 558 44
142 514 45
20 129 30
114 458 8
231 117 42
372 174 42
198 581 19
396 302 17
365 414 8
254 620 13
191 541 19
356 256 5
40 75 21
87 392 4
538 438 12
176 579 13
452 412 29
498 390 4
140 134 12
515 444 18
151 508 30
531 321 22
257 458 26
249 515 35
413 575 18
365 154 9
67 139 33
570 461 14
13 420 21
420 314 30
53 1 9
252 262 22
198 479 34
230 231 36
381 172 41
601 138 29
192 464 38
150 203 1
525 580 16
131 326 25
241 524 38
348 262 15
159 431 29
66 592 31
162 225 40
280 161 50
608 293 12
348 472 41
417 403 18
572 393 36
604 44 8
288 280 29
167 23 11
543 578 11
599 386 27
588 25 46
507 588 49
202 213 1
54 523 44
71 125 1
258 532 41
507 188 7
117 226 26
449 342 44
322 349 29
582 392 32
80 155 19
218 471 39
148 431 38
223 29 24
555 483 26
34 71 4
397 602 24
345 455 30
215 578 39
21 12 22
516 463 11
399 3 3
237 34 4
51 20 18
107 346 19
196 488 29
161 40 44
368 476 22
359 340 11
283 202 26
41 43 21
37 527 41
179 77 34
531 315 36
508 431 23
155 50 36
164 392 12
366 97 25
618 283 33
404 17 46
526 187 16
417 589 21
303 176 9
598 158 11
591 268 33
229 394 28
381 492 40
247 132 26
11 606 1
115 442 35
555 41 33
182 204 17
8 290 34
238 131 18
341 5 6
329 73 26
264 530 3
93 305 7
255 435 40
416 226 23
222 19 49
44 430 13
171 448 29
447 40 9
276 1 47
83 373 2
167 511 34
541 583 38
125 311 8
615 293 47
91 330 50
462 459 26
453 476 5
540 580 47
71 326 3
405 474 46
342 510 21
59 434 41
221 328 6
295 156 13
41 224 32
491 584 45
565 31 43
560 495 25
365 448 17
270 390 19
416 294 15
560 561 48
175 404 18
32 226 27
49 238 38
176 291 44
288 568 35
385 596 46
468 562 9
386 584 14
47 98 26
319 616 10
536 24 7
244 187 25
261 366 45
13 302 38
411 260 11
36 34 15
466 410 20
363 35 1
119 86 27
293 181 6
461 182 37
267 480 30
492 257 45
109 549 44
105 419 45
184 218 34
118 128 26
522 181 36
538 551 17
156 90 20
293 68 9
54 328 4
7 346 21
348 206 2
30 196 34
257 104 14
34 340 11
134 265 38
315 44 6
458 174 32
338 306 41
408 211 6
380 284 37
503 396 33
368 220 39
610 614 1
397 77 9
556 270 27
285 65 26
255 561 46
336 192 6
399 604 27
605 157 8
388 4 4
78 522 9
21 558 24
258 82 24
546 373 40
248 346 15
539 577 18
381 404 4
272 2 42
457 529 9
258 436 15
343 379 27
525 460 6
521 269 3
402 531 17
209 50 21
86 238 28
93 405 50
140 389 8
371 377 50
234 26 44
320 618 36
120 561 32
335 184 41
403 289 34
587 603 40
456 525 4
117 397 47
606 82 21
244 358 38
324 355 25
240 398 5
101 9 26
316 536 6
109 83 43
552 379 19
467 332 22
542 539 2
461 252 12
608 64 36
150 77 6
318 58 42
398 542 1
501 267 38
252 486 33
597 41 14
579 302 36
594 557 38
104 173 14
607 278 15
491 375 31
117 305 14
313 563 41
575 97 43
614 235 21
4 156 39
344 462 16
297 266 12
386 209 33
423 352 46
563 131 39
126 473 34
562 191 48
49 614 16
465 180 27
300 92 42
312 400 18
49 35 15
175 280 10
73 199 36
54 184 26
56 18 18
471 228 5
59 349 21
268 173 46
586 430 35
109 17 33
259 127 35
226 395 16
342 601 32
507 391 43
192 501 47
372 485 49
333 188 30
186 197 16
391 293 44
266 437 35
319 446 42
436 338 33
406 149 39
377 299 31
376 477 34
217 3 47
83 517 34
346 342 17
528 105 6
558 348 33
491 357 13
51 492 50
343 221 23
172 272 42
516 60 32
468 285 32
530 355 17
254 231 38
472 410 12
146 493 38
220 23 49
457 365 20
220 516 15
355 67 10
274 375 24
235 86 13
315 243 12
103 474 21
262 274 26
389 62 6
105 351 15
74 78 43
288 149 7
614 449 30
430 109 38
41 589 12
57 121 8
425 542 10
157 406 20
58 556 9
103 191 5
404 125 21
382 226 21
609 240 6
96 510 36
554 100 37
594 124 39
208 613 39
23 114 27
130 12 8
593 615 4
455 267 23
506 390 4
150 247 17
427 352 27
345 80 14
101 171 1
515 78 4
550 236 4
156 337 35
301 467 28
38 59 15
16 5 33
553 499 10
49 425 42
75 441 49
526 490 5
516 313 15
134 324 13
539 616 47
229 586 8
461 394 5
98 276 30
575 591 42
516 476 22
408 324 44
91 391 5
63 131 18
159 251 33
577 228 21
47 493 19
5 355 17
181 97 48
98 244 43
570 586 50
358 507 28
210 421 22
572 512 29
202 207 15
7 302 41
432 79 20
398 436 42
333 479 36
9 590 22
172 408 12
85 442 12
393 102 13
595 578 46
46 84 28
251 68 10
483 16 13
85 454 48
603 622 15
263 350 47
18 308 34
599 106 39
206 167 50
524 497 39
535 420 5
253 52 19
9 381 17
108 288 7
421 123 34
181 389 13
201 2 44
150 243 38
160 225 45
272 275 23
212 148 44
381 154 43
559 176 4
126 237 35
42 557 33
261 207 4
481 75 34
102 285 34
103 10 25
193 166 8
574 143 24
594 100 49
328 396 28
428 607 47
26 296 30
73 339 22
373 60 41
610 14 8
190 379 49
385 212 46
449 406 40
75 362 5
307 9 32
192 622 40
446 291 47
278 213 18
487 405 2
6 102 16
226 204 44
362 155 28
108 195 42
535 617 2
210 512 15
575 46 23
204 267 17
244 55 21
412 358 38
261 477 20
368 175 30
32 465 26
530 43 45
520 450 8
97 103 13
541 424 5
77 155 44
362 531 42
439 419 17
364 614 1
24 388 26
544 621 14
470 146 12
547 62 14
224 394 26
502 371 2
102 206 32
397 108 18
146 556 12
143 615 1
207 343 34
526 7 46
607 522 49
542 203 48
188 366 46
15 449 43
504 524 22
527 118 32
533 198 28
328 445 22
129 249 23
464 433 11
60 279 25
61 533 35
582 267 25
83 62 49
398 251 38
528 8 18
395 486 11
570 278 3
602 218 3
367 515 32
432 197 20
539 78 23
25 608 21
535 434 14
416 95 31
571 32 14
39 168 15
10 131 19
206 138 25
589 477 40
480 84 41
373 257 18
424 586 50
87 90 17
195 434 9
15 380 36
328 120 25
538 11 36
608 332 23
605 212 21
24 552 39
547 341 34
594 474 35
117 418 22
512 552 4
145 576 50
315 90 25
326 86 9
92 529 31
463 366 27
366 493 35
4 375 22
258 545 44
282 134 28
574 441 31
44 207 43
394 363 46
409 499 35
397 323 19
430 411 24
330 241 16
98 434 13
359 552 11
504 419 47
192 252 9
327 579 24
9 408 3
116 262 35
478 127 8
151 302 18
114 487 50
482 489 12
95 508 27
217 303 2
161 477 45
533 355 17
413 252 30
272 20 6
483 161 47
47 463 11
385 124 46
356 492 27
290 167 36
426 542 37
576 129 36
536 104 4
102 79 5
141 430 45
479 9 49
497 292 4
92 542 47
197 426 44
46 520 10
249 101 2
54 175 18
213 374 6
429 17 18
282 23 32
263 98 35
433 266 8
446 486 38
343 488 10
68 115 30
610 119 27
158 581 10
107 520 1
44 154 3
174 294 12
73 336 24
322 348 9
201 152 45
178 140 3
596 483 45
439 167 6
612 95 41
487 54 46
523 143 6
357 3 37
591 252 43
302 458 21
299 248 27
391 190 32
589 555 31
258 340 46
607 287 30
117 615 20
512 575 4
474 219 48
29 515 12
10 141 41
499 124 38
106 608 4
379 226 2
220 277 12
306 447 18
104 394 22
522 581 14
346 175 28
541 408 27
571 286 3
128 573 46
142 129 14
340 449 10
48 56 2
31 555 31
539 445 38
66 537 23
420 81 35
520 549 22
622 36 18
21 328 28
531 600 21
342 597 26
529 143 31
620 562 29
558 172 20
160 258 1
158 54 19
25 141 49
539 496 18
90 449 44
168 323 39
551 204 33
463 50 34
529 522 44
418 406 4
351 453 48
115 619 37
15 414 46
52 123 47
261 249 17
179 337 27
82 606 22
81 436 2
42 206 19
470 608 7
534 22 2
108 3 1
364 435 28
203 619 17
607 151 24
211 529 17
204 414 35
562 316 33
614 378 7
34 118 12
79 344 29
493 32 34
484 18 17
21 597 8
9 249 13
194 59 4
270 467 21
248 136 41
84 165 16
476 447 34
574 118 14
76 570 11
318 185 39
584 18 20
358 294 32
579 371 46
65 230 37
174 198 18
450 6 34
423 238 48
234 605 44
283 93 12
95 374 25
233 96 28
271 149 40
221 429 50
430 528 11
488 523 1
52 96 22
379 510 30
349 461 43
43 182 7
286 341 1
2 513 49
538 430 15
131 42 21
523 556 44
452 158 40
552 28 22
215 74 24
606 201 45
500 340 27
191 19 30
155 167 8
561 58 23
599 164 46
231 186 45
178 113 2
17 151 2
477 208 39
430 451 43
246 22 12
433 594 9
21 31 2
205 608 30
394 483 1
111 110 44
187 28 7
177 354 38
95 319 34
473 182 24
58 551 31
389 405 40
266 374 2
136 570 14
467 59 44
145 545 21
363 483 47
615 495 46
120 569 11
116 91 18
208 439 11
516 205 32
448 184 28
413 287 31
448 469 38
311 343 47
542 396 30
90 449 24
19 330 34
204 410 47
118 13 29
111 534 31
103 90 23
266 35 49
522 269 4
389 58 47
280 103 10
504 516 24
553 327 38
349 485 25
224 582 37
469 1 29
350 141 2
178 418 22
360 272 43
51 60 34
147 203 41
337 581 1
394 383 20
95 353 45
280 305 24
615 10 20
69 274 8
607 453 45
103 246 48
229 400 14
603 590 36
354 541 34
190 135 34
126 247 49
96 172 19
600 120 3
325 131 5
288 150 9
392 518 29
248 487 33
593 361 7
49 404 11
33 20 33
191 329 38
321 233 4
466 82 39
291 604 31
212 243 30
440 253 48
341 86 1
430 204 42
74 475 31
149 502 26
382 488 31
5 169 23
99 236 24
262 248 37
275 414 41
63 200 30
573 70 28
383 172 10
377 558 1
23 218 9
13 441 30
202 2 10
394 408 26
303 193 37
224 160 3
566 39 40
360 166 20
481 272 16
75 441 30
331 322 10
460 388 47
427 395 21
391 401 12
148 464 47
327 542 24
555 238 17
329 558 19
546 229 36
210 28 8
4 26 50
267 333 36
304 562 31
328 559 19
10 441 28
24 33 5
280 415 39
331 279 4
575 487 43
178 272 24
599 39 42
214 233 45
594 173 39
538 331 3
555 168 20
170 566 44
465 429 10
183 206 10
32 535 36
227 463 5
82 346 12
573 62 31
585 564 42
293 343 36
459 541 10
154 19 35
434 83 18
137 407 39
261 381 32
215 8 16
43 133 45
397 153 30
142 611 35
309 109 30
259 233 41
288 196 44
351 378 24
79 506 7
515 396 24
401 183 7
130 551 47
475 245 8
263 270 31
540 597 22
227 398 36
198 20 7
249 433 10
578 98 32
198 453 19
103 438 18
311 448 23
511 145 50
206 104 22
402 478 35
427 379 49
356 2 18
157 281 22
504 560 20
586 550 31
570 305 6
516 218 24
422 566 20
542 570 47
572 604 39
296 480 47
369 104 6
571 379 47
435 114 4
419 604 21
520 64 41
375 396 24
273 238 1
235 131 31
414 153 13
4 20 50
307 380 35
523 470 12
263 365 5
574 246 50
590 370 50
556 363 3
51 473 1
111 93 16
99 432 44
468 298 43
322 337 49
565 76 10
423 237 36
199 461 21
80 546 4
376 175 24
577 258 23
488 163 21
541 110 8
282 153 33
380 214 8
126 227 34
225 416 33
547 34 28
42 428 30
580 372 38
10 134 10
307 358 27
212 531 1
81 317 12
152 349 22
185 162 13
214 184 18
24 526 1
214 516 6
192 294 48
549 62 37
205 116 45
318 287 28
595 269 2
309 531 13
588 192 46
83 500 30
89 257 40
2 561 17
565 511 8
261 478 8
296 505 44
605 438 13
238 218 4
395 124 45
231 307 5
145 279 32
382 287 24
184 19 48
25 400 31
603 620 42
124 153 5
242 352 44
338 123 33
273 329 38
424 549 43
449 343 1
588 480 24
141 548 28
183 297 38
331 300 40
341 308 39
506 550 17
271 204 42
474 68 2
296 512 6
279 79 48
178 350 7
27 378 40
268 466 20
126 169 38
55 547 13
275 446 41
254 589 2
462 458 33
7 408 48
478 49 31
401 437 6
23 388 9
472 54 15
278 308 24
258 275 23
398 118 23
224 534 23
485 228 29
473 243 3
591 259 7
286 595 7
383 190 48
336 594 6
80 404 32
85 211 34
249 217 32
492 280 41
62 461 3
543 183 7
502 494 16
1 491 7
608 131 10
246 325 16
411 451 24
306 477 27
222 599 49
346 188 1
48 291 50
68 214 4
381 527 10
385 574 47
478 63 48
178 619 28
323 434 23
397 188 42
542 172 33
309 300 4
610 425 3
599 372 14
242 159 4
618 371 27
105 69 42
67 132 22
41 303 7
258 453 23
296 405 25
367 535 25
610 608 24
601 357 23
420 472 15
349 490 14
516 319 35
324 145 30
450 396 25
279 163 20
473 514 46
109 465 43
49 35 36
23 597 5
550 150 15
175 355 22
141 313 15
326 494 50
543 395 49
370 404 33
329 475 22
580 154 2
450 517 24
532 219 12
366 250 29
199 277 14
529 566 42
78 465 17
561 150 5
555 150 43
184 493 17
152 247 31
77 573 49
249 184 4
563 569 8
394 181 4
613 189 23
336 39 27
317 389 29
220 452 2
336 542 2
621 10 15
417 234 44
291 270 12
486 23 6
272 2 9
569 283 12
99 267 12
508 281 14
181 615 28
63 37 43
122 99 42
317 153 9
114 598 48
163 218 45
33 6 15
127 204 33
196 431 29
581 207 3
282 229 28
222 522 16
188 186 37
34 507 16
312 375 33
261 198 6
300 273 12
388 105 35
40 117 13
129 507 4
148 136 29
205 155 30
438 445 2
461 352 49
267 295 14
107 452 22
297 399 10
35 137 36
286 274 42
414 485 28
57 586 9
216 159 19
564 449 4
234 454 19
475 433 26
169 465 45
466 61 20
68 204 35
156 329 39
314 548 12
131 19 44
381 616 34
495 571 8
455 505 16
99 450 20
501 466 16
248 346 23
61 82 12
65 145 6
350 17 37
570 477 11
299 580 20
298 317 3
110 414 43
439 337 27
333 319 47
228 50 33
448 586 17
597 432 3
156 201 15
327 400 28
378 38 19
376 561 45
227 329 40
19 527 16
610 242 21
599 349 21
563 165 30
248 615 20
35 276 14
402 603 41
485 614 41
543 470 30
117 581 34
532 567 20
415 311 14
325 164 28
449 336 19
247 85 14
175 598 2
60 181 23
549 582 13
403 615 34
277 544 45
289 537 14
195 202 8
422 209 11
494 603 42
373 172 47
3 256 10
326 143 34
157 155 11
31 357 24
442 166 43
328 112 32
81 497 42
436 115 34
121 493 9
546 529 24
560 426 41
349 403 18
417 501 35
318 85 23
585 559 8
610 587 41
7 388 2
609 234 10
15 83 10
268 71 3
98 5 43
451 13 42
115 264 23
167 386 37
126 66 39
587 18 13
442 582 41
90 105 21
230 393 31
141 59 29
123 443 1
5 382 3
184 390 47
575 240 43
268 174 19
259 518 9
115 519 50
24 599 32
574 252 24
584 53 13
536 462 9
23 575 9
43 371 18
226 233 6
26 480 1
30 496 42
93 240 31
104 435 40
352 79 20
295 198 35
42 257 47
37 605 30
510 435 48
515 557 21
420 60 39
242 381 41
494 164 20
514 107 7
529 433 20
215 527 32
37 598 18
398 421 10
298 378 39
598 527 5
216 323 3
437 84 3
603 469 19
589 299 44
210 126 46
423 98 45
345 28 32
544 56 35
270 493 18
410 544 33
188 34 44
57 232 18
559 273 49
36 193 27
480 553 28
112 233 31
333 433 3
300 163 13
54 184 6
563 2 17
7 527 47
495 68 28
600 453 33
252 207 6
19 369 40
597 396 5
128 359 24
193 342 33
176 225 3
139 80 30
517 555 14
565 424 9
491 503 21
582 349 22
11 172 9
598 456 3
311 175 13
391 557 19
45 100 7
483 417 50
483 281 8
198 419 33
554 339 43
297 223 30
482 80 5
411 60 26
398 484 29
416 615 6
304 57 50
430 431 32
622 133 16
509 52 4
460 245 42
311 248 34
481 247 49
170 128 29
574 480 39
173 369 5
390 359 1
159 591 43
463 157 32
459 548 2
86 67 44
595 58 44
254 591 9
24 546 49
321 60 23
68 306 47
208 437 3
421 63 18
609 483 36
146 425 15
529 247 37
72 263 11
284 555 45
489 202 40
505 105 47
238 217 3
313 473 13
59 134 6
264 349 26
531 481 36
582 358 22
418 484 26
411 376 32
172 258 36
580 235 21
227 60 48
147 154 3
54 229 27
223 616 27
50 503 22
622 141 16
34 352 3
393 609 36
431 509 2
431 585 21
608 94 28
58 417 27
68 367 11
275 307 34
127 516 45
303 248 36
143 260 35
219 329 4
288 364 27
552 193 21
265 311 6
183 524 26
236 151 41
270 199 5
174 298 49
169 450 21
234 395 27
480 376 9
217 202 24
362 71 42
420 589 25
12 115 47
160 218 26
58 52 4
164 611 35
251 478 20
617 124 3
404 163 7
497 374 35
356 527 12
519 475 18
395 463 46
186 382 24
553 127 4
19 173 27
390 341 5
51 443 40
610 201 15
488 71 42
529 139 28
604 314 13
238 621 29
509 336 33
422 483 25
296 468 43
128 250 10
273 142 10
57 213 17
280 591 29
282 156 10
290 622 3
175 414 37
443 59 23
371 481 29
56 314 19
23 204 44
496 299 14
140 509 37
5 554 28
415 4 43
386 22 1
114 401 35
610 482 33
572 317 44
347 355 19
610 383 20
99 18 7
279 473 11
581 199 45
35 551 41
553 241 38
464 16 8
26 161 13
294 262 40
231 211 14
489 189 22
554 301 14
250 211 19
606 457 15
305 605 43
397 148 28
168 188 26
576 445 41
88 205 33
174 398 6
108 613 40
489 14 10
521 82 31
452 438 14
238 201 7
257 334 22
193 255 35
372 191 29
436 151 40
144 321 15
414 220 43
352 622 34
304 541 40
490 585 13
516 43 24
27 118 41
287 459 48
570 36 48
118 403 23
264 600 39
480 23 31
300 438 30
412 463 12
243 340 11
98 20 7
549 298 29
151 49 39
95 530 24
349 357 45
482 527 28
460 174 19
243 155 25
359 459 3
256 579 28
103 10 41
42 4 11
136 53 47
144 448 13
184 47 40
339 517 33
350 396 20
520 85 4
221 562 34
297 238 21
246 30 45
33 225 41
12 575 12
101 342 43
199 274 50
416 487 19
380 127 15
14 452 10
460 255 14
417 386 29
249 622 11
41 337 38
204 301 45
594 459 44
600 12 31
277 172 45
482 205 38
516 203 4
341 338 46
170 411 41
476 276 9
311 198 10
596 163 19
65 61 8
57 329 23
180 552 25
605 460 19
125 231 22
97 225 16
528 116 2
92 439 32
331 22 46
505 359 12
591 378 4
278 372 28
415 524 32
564 474 34
366 400 9
489 538 31
467 332 48
513 23 1
467 555 26
460 409 36
606 273 40
498 222 45
438 522 18
364 294 22
275 23 14
249 146 1
11 252 15
7 301 37
570 596 20
329 352 31
249 420 12
554 260 44
136 316 23
177 523 17
180 619 3
602 128 39
291 472 48
72 408 14
196 418 15
481 363 39
176 563 28
185 278 19
271 402 13
15 530 40
10 545 16
531 21 26
367 557 19
355 611 1
33 511 6
613 552 21
513 285 33
85 463 37
252 493 34
293 391 45
546 514 20
96 288 33
220 488 13
459 534 36
172 422 17
58 282 47
355 85 7
46 577 21
391 605 12
494 299 33
10 396 39
233 352 3
495 417 5
146 361 36
128 198 33
503 267 19
232 507 18
91 132 21
431 61 38
301 599 3
244 387 41
241 164 18
564 587 28
326 482 23
360 363 21
454 319 50
391 590 11
219 456 36
331 527 3
402 221 3
572 546 10
47 220 4
197 343 44
557 546 9
256 514 14
547 481 1
51 72 38
130 116 3
185 555 10
33 195 41
150 117 15
495 621 16
182 573 38
196 453 36
98 346 13
302 271 25
211 412 3
233 595 19
66 117 2
397 410 22
586 371 6
434 55 18
266 554 45
103 20 31
63 264 49
7 166 20
607 558 8
426 598 17
439 332 9
342 502 17
553 564 34
382 397 22
465 335 13
123 356 38
271 216 42
489 431 28
534 15 37
150 412 31
154 385 44
557 299 36
199 293 22
180 589 7
517 120 28
437 508 21
105 430 41
66 473 20
503 298 28
563 175 23
594 390 12
94 312 25
235 334 2
268 38 5
163 504 11
572 483 36
35 31 14
595 240 14
180 225 50
600 574 18
181 174 48
305 583 23
419 254 1
220 206 7
614 526 8
616 117 2
472 490 42
522 356 42
387 560 50
581 265 45
378 581 2
139 162 32
607 3 23
56 614 10
48 263 20
111 212 27
43 587 9
366 158 36
411 225 16
233 55 48
263 441 16
442 27 16
167 214 5
289 566 18
184 493 35
465 315 49
285 150 44
86 295 20
99 566 1
158 404 42
528 358 39
200 147 29
55 342 13
18 479 33
247 49 26
31 191 26
472 20 6
619 230 5
270 309 2
397 150 3
248 584 8
192 618 30
408 284 16
468 525 25
54 366 25
590 298 8
225 556 3
449 226 40
144 550 35
88 549 24
114 214 33
321 240 20
272 253 23
488 67 15
401 362 41
50 362 33
417 172 19
168 91 33
413 203 5
546 162 7
590 475 40
431 240 22
446 12 49
22 56 13
298 411 7
346 457 24
121 95 14
430 434 32
472 167 36
277 187 44
300 315 19
286 358 9
473 5 12
317 315 16
368 428 42
423 1 6
220 532 25
359 123 35
576 311 35
214 402 30
237 107 2
592 379 11
65 376 9
304 495 48
196 11 33
437 310 25
453 220 31
171 236 34
384 271 29
433 217 34
566 503 1
381 246 26
261 381 13
521 255 25
216 587 36
230 545 19
189 474 18
552 249 5
128 392 45
334 29 20
490 411 12
295 424 49
514 150 42
607 509 46
502 138 36
446 580 7
540 42 42
437 606 5
408 44 11
482 225 38
550 349 25
103 239 34
16 31 29
255 9 11
220 19 8
444 422 13
488 431 18
354 465 50
85 92 32
108 512 41
153 343 49
532 517 44
47 131 2
96 77 23
39 11 34
150 236 9
245 293 32
145 75 3
364 604 7
526 223 14
175 359 3
248 349 50
306 179 30
517 163 1
125 275 19
170 515 27
280 157 2
542 20 20
378 129 15
185 9 24
171 34 44
385 221 10
113 398 1
42 224 21
260 65 26
146 314 7
118 311 6
250 455 30
1 351 42
86 589 12
125 116 1
93 255 2
351 207 21
356 80 5
83 533 39
501 543 13
381 283 36
427 133 46
123 578 14
133 622 1
353 580 45
9 69 35
272 330 9
618 150 22
545 195 49
411 574 38
275 1 2
491 347 12
608 536 24
502 321 3
391 514 1
620 98 49
105 431 17
502 542 15
598 484 9
425 317 42
540 117 44
217 394 5
135 55 48
601 195 15
581 82 34
601 56 4
173 612 36
52 373 14
337 451 27
254 472 33
128 286 24
348 32 45
417 46 40
575 376 30
75 39 37
450 291 21
86 7 47
251 303 17
386 101 30
211 348 19
142 536 31
271 327 42
278 227 36
194 137 34
107 108 1
126 277 28
23 496 16
261 91 17
574 233 2
216 250 7
351 391 29
201 438 12
359 341 17
75 290 41
360 228 19
228 450 5
183 211 28
83 98 43
543 121 49
113 383 34
173 563 22
424 292 27
229 498 9
375 47 31
18 12 18
43 238 18
375 116 8
421 133 40
385 280 10
571 385 37
305 196 16
246 11 38
85 311 10
65 213 25
306 560 13
495 282 43
114 524 22
14 595 29
592 506 10
349 608 35
212 546 15
321 372 29
302 524 22
385 466 45
496 172 48
341 20 19
588 397 33
293 122 39
103 229 4
279 288 19
67 235 16
556 327 36
563 197 37
267 483 17
206 209 23
491 568 4
248 519 7
535 180 15
245 352 33
513 229 10
269 618 26
606 621 36
219 228 26
308 432 49
152 128 7
240 92 40
598 512 11
588 134 42
58 282 50
556 137 14
567 72 12
525 94 15
51 468 46
585 143 29
539 91 43
152 100 23
504 605 22
309 572 9
38 312 39
180 525 28
580 417 30
166 440 43
552 70 6
440 480 39
445 244 13
350 539 41
94 168 21
515 579 42
352 557 35
8 231 10
180 283 11
295 321 38
347 483 32
296 162 42
152 450 27
349 611 13
542 68 48
505 381 35
281 590 24
443 3 32
30 303 49
591 540 43
107 100 38
344 76 25
37 48 45
368 607 36
610 490 38
415 554 13
209 194 14
187 506 15
391 622 15
105 569 39
154 264 39
318 65 28
349 213 18
148 178 20
85 45 9
166 210 46
497 460 16
399 334 33
226 501 24
388 476 11
16 542 17
149 42 27
37 465 46
108 578 34
110 459 24
355 356 38
369 14 39
551 92 25
358 255 19
156 329 15
287 110 21
31 385 10
295 186 24
371 277 50
86 18 49
614 358 23
395 565 6
264 17 9
183 102 9
157 259 31
324 285 5
427 536 31
228 122 45
42 565 17
488 522 43
422 238 31
78 338 3
207 597 24
131 125 42
473 550 34
562 359 23
35 355 30
72 312 22
181 109 7
51 333 34
228 572 40
178 449 20
362 116 49
211 334 1
453 606 50
534 116 23
278 562 41
231 513 7
79 162 26
421 77 6
283 40 3
406 115 42
91 35 42
322 384 20
15 3 21
573 380 49
492 423 33
478 114 49
211 114 14
597 147 11
482 210 13
496 90 37
539 211 38
556 158 13
492 466 16
137 546 47
589 577 35
268 421 48
44 520 40
171 491 15
344 568 16
221 37 37
435 135 18
63 615 29
383 614 35
395 101 34
397 544 48
376 34 41
343 489 38
60 89 38
240 620 2
301 479 36
36 422 16
554 154 15
99 541 5
262 472 12
70 270 7
374 301 13
485 25 20
297 317 19
166 537 13
139 421 31
348 242 9
274 109 25
330 107 14
192 605 35
293 171 4
593 362 17
53 93 12
256 503 45
310 12 6
308 274 38
378 219 15
122 366 10
5 327 8
409 599 17
166 201 22
375 148 9
8 532 43
314 521 38
295 380 19
426 71 11
540 607 6
261 527 43
249 79 17
559 273 49
334 236 19
98 237 34
221 603 26
268 205 17
450 62 49
533 375 17
228 197 36
514 502 44
214 289 16
207 311 45
179 129 34
209 453 33
262 108 41
404 183 48
569 302 34
618 347 9
141 194 35
151 310 50
339 388 15
146 84 23
299 230 22
307 341 38
61 60 39
17 467 40
211 486 14
16 179 22
238 167 4
436 103 17
251 17 46
434 449 36
81 408 50
176 69 29
34 155 6
42 422 11
166 413 25
217 442 41
87 363 36
260 277 39
108 523 39
465 179 25
539 11 16
87 19 13
386 452 36
251 435 31
369 209 32
375 393 49
71 140 38
42 158 44
324 502 3
615 279 36
22 224 23
312 236 21
349 208 45
418 396 1
353 67 4
384 21 22
35 247 40
311 239 36
489 136 6
239 265 34
4 467 42
567 110 3
100 157 36
267 377 39
538 520 50
239 53 43
315 470 11
486 478 23
45 453 44
339 4 15
208 17 47
548 335 17
107 20 35
546 462 14
216 530 25
114 491 43
97 94 23
293 100 42
226 180 38
572 619 24
530 607 24
543 443 48
327 574 6
315 29 16
285 598 32
453 292 47
107 385 18
556 102 20
186 268 29
588 217 34
460 227 46
352 357 40
337 410 36
284 561 23
503 226 4
56 162 7
2 250 6
112 333 47
237 261 13
525 283 2
142 540 35
266 471 26
103 562 5
611 4 46
239 5 10
191 1 9
501 380 46
509 497 15
551 135 50
131 199 9
616 56 6
251 438 45
450 99 38
621 21 35
591 37 35
351 540 40
349 468 34
183 122 36
200 588 26
430 469 40
408 430 4
61 351 4
115 236 32
582 17 29
231 146 49
407 282 29
2 219 29
19 583 35
335 260 1
86 80 33
605 234 39
248 586 13
519 370 19
161 341 44
127 163 3
373 68 48
78 541 1
431 185 7
316 476 33
256 248 1
586 560 43
601 318 42
5 34 8
333 491 45
268 135 5
560 479 22
318 553 33
519 469 6
57 441 14
488 104 43
297 539 44
588 251 45
537 24 47
163 558 8
434 352 47
283 114 5
256 460 10
203 309 32
363 175 36
71 383 46
99 502 42
185 570 36
434 288 22
143 454 49
481 434 32
42 554 42
142 276 15
207 443 19
215 334 46
447 619 2
468 176 16
289 123 42
253 433 22
147 315 28
157 541 4
102 559 45
172 586 29
183 419 6
118 268 33
565 589 32
615 439 28
521 227 39
135 205 7
259 262 5
392 235 18
70 5 34
280 390 38
175 363 16
598 497 3
174 221 16
292 179 29
192 74 37
409 574 27
398 462 30
369 304 48
71 619 18
179 366 5
454 209 30
363 597 37
401 189 38
164 287 37
61 581 13
17 330 10
19 531 33
193 177 47
300 199 12
145 348 31
582 483 25
382 100 1
508 92 41
372 196 17
286 491 12
418 508 20
116 30 19
201 88 8
315 524 7
613 23 5
101 429 37
455 488 10
467 140 38
537 582 12
403 414 10
112 466 42
315 508 50
258 183 18
131 298 40
547 293 31
596 615 5
424 112 49
507 138 44
13 207 14
160 531 26
352 249 38
60 238 11
123 400 16
358 130 25
266 287 36
290 600 46
255 19 44
615 607 27
286 185 40
287 184 48
455 158 18
587 433 41
163 36 10
340 383 40
250 611 24
90 511 46
176 29 2
441 485 48
617 225 15
352 276 7
65 103 2
442 101 33
349 254 7
432 266 10
337 145 50
363 413 22
114 385 15
278 397 40
16 47 19
493 407 26
54 404 21
95 370 16
130 112 1
407 546 12
138 289 9
305 81 38
2 509 15
477 474 11
233 245 36
367 117 11
14 335 17
500 18 32
40 618 18
421 585 26
614 524 16
195 184 15
131 583 19
561 439 19
53 520 19
472 109 6
223 595 12
145 305 28
148 242 38
447 473 41
16 130 15
288 210 39
256 158 21
577 39 35
492 120 42
231 195 22
425 169 29
488 597 43
411 471 26
217 351 18
102 540 39
615 198 49
518 617 42
422 212 44
133 547 11
123 400 46
241 132 41
524 152 22
587 572 44
57 36 32
471 191 29
331 98 39
522 398 46
518 620 37
373 122 8
473 186 50
359 169 10
321 276 29
610 58 17
395 254 9
277 463 28
471 490 43
142 620 35
397 228 32
176 352 27
82 133 35
220 390 49
168 303 17
330 516 39
312 316 17
65 34 29
66 578 8
542 43 10
327 83 43
383 375 43
189 142 15
144 272 15
602 320 45
314 321 39
132 224 29
608 343 10
129 203 41
408 71 27
71 512 5
602 302 2
234 215 34
264 210 11
317 89 35
449 282 40
288 114 37
119 411 19
300 490 31
63 553 14
249 140 30
454 415 12
43 378 35
25 303 2
592 495 20
537 183 16
446 434 2
182 460 39
74 249 49
162 492 49
186 197 8
202 404 45
319 518 16
140 130 18
618 10 41
235 601 13
136 618 38
37 152 21
16 79 26
287 50 24
614 592 47
160 339 28
505 137 38
247 348 11
160 543 25
18 256 36
599 404 12
240 194 12
138 103 21
179 327 27
282 211 4
63 139 4
460 280 39
561 170 26
202 239 1
395 228 9
360 232 10
234 573 29
203 391 13
595 499 4
122 161 2
450 75 24
415 602 33
129 346 27
332 262 5
381 555 39
251 67 28
325 521 18
525 481 3
73 266 33
548 387 15
339 217 42
229 418 10
538 482 32
117 451 21
276 147 2
142 253 19
75 609 19
64 270 4
447 377 17
437 268 28
138 366 21
369 274 34
467 101 27
8 265 20
450 428 28
449 375 47
426 237 33
376 591 41
407 572 39
152 538 8
334 513 45
247 44 8
533 419 17
476 438 46
83 97 46
253 12 30
431 228 30
77 603 46
114 11 9
590 229 38
363 504 11
331 450 27
394 604 28
473 464 12
441 384 50
396 116 24
131 499 6
83 44 10
435 59 2
253 354 31
67 556 12
142 423 1
521 547 32
269 184 49
406 339 21
244 105 43
490 563 26
622 375 28
269 593 42
580 430 38
355 524 32
52 279 41
260 58 25
268 41 4
65 524 29
562 71 17
600 599 47
307 300 47
85 237 20
376 161 9
454 116 41
575 214 6
154 295 17
263 536 8
44 282 33
58 79 41
104 607 29
385 171 10
339 544 3
442 317 32
461 169 48
159 605 33
43 489 13
555 377 5
549 446 1
61 320 47
226 269 43
201 184 32
475 219 18
47 402 17
599 403 11
160 44 47
387 92 20
577 487 1
523 555 27
150 234 8
424 48 41
200 472 16
445 294 41
227 156 9
123 497 6
548 29 44
313 500 3
617 148 39
593 609 27
124 254 23
333 187 6
434 248 23
360 617 14
566 165 28
50 587 9
511 145 28
127 366 15
264 280 28
46 622 39
339 372 18
174 621 33
579 101 32
388 519 39
436 369 4
528 160 14
39 564 38
48 59 45
248 142 30
431 541 17
183 175 26
83 62 19
75 86 23
565 102 35
46 542 7
348 315 8
530 443 34
209 16 7
594 612 28
225 111 41
509 1 11
531 145 50
562 589 44
319 331 38
476 554 15
557 474 44
26 578 23
603 168 31
488 199 12
618 481 35
526 128 43
16 47 40
291 389 8
448 431 33
263 105 44
524 435 10
36 537 36
475 157 39
336 456 2
411 281 15
212 469 34
476 438 30
184 36 11
189 100 45
608 464 26
44 616 44
438 1 27
87 126 19
553 520 36
569 604 20
100 247 3
391 293 3
373 61 5
469 274 16
108 451 27
322 615 6
282 262 42
299 261 27
126 539 19
62 264 21
395 117 8
470 479 38
348 121 2
54 549 21
617 331 4
477 449 21
76 130 25
232 210 41
619 438 16
568 154 2
313 165 39
578 207 42
486 331 5
349 256 15
41 437 6
157 101 5
228 547 31
401 91 16
407 494 4
610 107 42
124 283 19
127 413 11
433 598 20
585 95 47
411 301 1
72 266 48
175 51 12
315 431 2
22 174 32
76 60 16
477 150 5
522 233 41
459 197 13
217 196 20
539 195 48
280 366 31
184 366 19
610 461 25
379 240 1
464 367 33
309 571 46
236 200 24
349 325 26
476 461 39
499 622 41
466 46 49
134 357 37
510 31 14
75 411 18
576 50 10
229 133 1
135 61 32
324 102 29
307 269 20
446 616 50
419 219 2
84 554 38
167 255 18
586 158 13
572 554 30
616 113 30
304 8 23
129 178 26
66 477 13
245 38 15
286 342 2
3 258 40
248 199 9
540 480 34
481 216 44
172 102 37
341 388 21
105 308 21
257 156 26
138 518 20
422 243 37
413 145 15
327 39 50
35 311 29
362 333 23
41 189 35
43 453 18
463 504 5
249 525 17
296 603 7
326 276 14
505 67 22
403 597 25
315 69 25
58 455 30
370 432 16
88 480 34
380 489 32
34 51 43
203 192 5
222 357 42
576 274 7
226 215 6
235 548 32
577 96 29
327 167 26
155 295 36
22 138 41
553 426 5
360 210 46
530 97 33
437 183 49
616 570 31
583 54 4
368 443 10
561 136 12
441 569 36
234 224 12
237 432 11
252 417 50
381 603 49
615 452 23
418 393 36
213 419 20
423 347 5
67 500 40
491 324 44
398 521 15
104 312 7
562 275 22
63 308 29
355 402 48
544 201 37
75 463 32
435 439 50
299 239 13
511 314 10
438 536 21
187 339 40
372 200 22
594 242 36
505 119 47
192 328 24
80 463 45
48 3 4
122 221 16
482 543 11
290 546 13
151 516 29
490 110 1
301 210 22
12 171 14
186 366 15
611 622 39
610 17 39
83 265 41
291 129 24
529 405 31
58 399 11
503 304 10
307 206 48
603 394 8
356 507 5
119 234 49
239 40 35
591 266 23
228 479 34
273 432 37
29 452 8
495 9 22
496 155 35
597 74 38
456 223 49
499 140 13
308 456 10
77 588 10
559 85 50
515 590 26
366 120 44
370 502 23
528 137 33
319 250 41
301 550 38
295 501 23
492 369 36
39 584 4
26 404 44
452 516 15
393 311 47
301 408 1
485 136 50
264 219 32
56 602 41
11 113 34
270 228 30
259 301 30
186 414 15
476 509 2
419 327 24
70 54 21
503 87 18
413 235 43
80 618 16
450 187 11
227 367 41
9 472 32
133 34 28
562 471 11
76 322 26
408 494 31
73 167 10
615 111 49
23 385 5
314 346 47
428 266 19
528 244 6
184 193 35
452 114 29
491 377 22
501 563 19
18 173 26
499 274 42
616 160 36
215 268 11
159 339 38
340 350 41
119 67 24
46 555 37
548 536 45
119 90 18
247 551 43
570 322 31
589 27 26
283 502 26
486 294 12
407 377 2
189 600 49
521 293 21
5 379 4
238 193 5
258 205 2
362 241 44
251 522 19
464 64 30
249 187 35
537 76 47
586 71 20
488 176 35
124 221 48
315 263 32
2 91 46
488 586 25
379 402 47
337 66 46
552 575 20
425 526 19
399 189 27
486 296 14
503 6 35
327 116 7
235 265 1
246 448 7
462 37 5
378 14 9
194 377 6
42 84 46
134 223 34
154 453 10
409 144 1
281 498 3
551 333 30
542 255 24
397 88 33
342 52 29
342 135 26
353 495 14
233 620 4
386 130 11
583 124 18
319 355 1
187 90 6
587 115 31
494 573 31
302 507 4
615 520 42
479 227 50
572 49 49
91 559 41
395 296 18
222 28 47
198 25 12
160 281 3
191 119 39
570 63 1
496 354 13
239 132 13
281 57 37
517 178 24
192 454 9
408 252 49
612 163 6
169 136 37
287 160 49
516 523 19
311 616 22
147 617 8
281 503 13
318 168 27
560 143 25
448 73 24
365 416 7
22 241 23
468 368 7
197 357 27
32 212 18
121 485 47
617 31 9
95 65 22
314 234 40
99 563 11
409 31 11
560 244 13
441 16 16
122 317 8
490 61 47
606 172 8
593 146 30
553 560 4
280 618 36
286 343 38
564 182 47
350 300 26
8 360 13
597 129 19
297 116 49
387 513 13
524 247 47
277 454 46
430 567 49
64 409 26
580 75 13
473 291 25
117 566 43
491 76 17
376 224 11
113 125 22
452 478 5
553 511 14
80 546 35
374 475 35
186 491 17
523 545 32
498 56 48
408 308 41
253 86 14
31 486 29
164 526 45
189 402 34
399 509 2
254 212 2
539 281 7
222 607 35
464 597 9
332 125 16
14 497 7
142 466 26
588 613 5
602 613 33
148 417 23
91 7 27
17 417 7
268 377 13
273 181 26
441 321 45
380 379 45
208 296 34
572 307 50
113 92 18
126 235 18
371 87 31
234 171 12
549 63 29
177 383 33
571 235 9
485 101 43
153 25 21
318 430 22
146 274 20
367 539 3
413 213 27
600 48 9
77 120 30
556 130 17
467 21 47
446 104 3
75 118 12
24 477 8
500 301 41
443 238 45
460 592 11
165 613 23
418 404 36
98 458 39
508 236 4
269 252 42
52 71 4
183 531 30
354 429 24
10 448 8
367 283 19
256 618 36
540 580 20
514 582 25
517 606 46
220 343 50
422 146 25
53 430 48
203 360 40
236 341 38
599 303 12
161 197 40
183 70 7
302 258 5
24 380 39
218 271 4
58 555 15
529 401 44
100 577 3
486 444 31
332 66 11
248 203 20
40 94 23
418 201 11
614 134 41
538 106 50
581 159 22
433 497 24
144 434 11
286 406 16
235 311 45
475 612 35
336 617 16
481 318 18
310 124 15
164 300 40
537 342 7
572 407 46
369 148 48
375 72 29
167 534 26
55 289 6
377 428 39
611 225 27
408 564 20
377 287 40
179 238 17
449 113 42
599 228 4
557 85 12
269 206 17
547 486 29
46 225 45
161 397 3
227 68 31
193 522 6
150 389 34
59 344 31
333 247 8
19 466 27
399 138 3
267 430 49
545 448 4
441 139 36
461 315 38
507 70 25
83 115 8
36 621 2
321 51 7
573 212 2
537 447 34
391 495 50
25 516 34
478 105 49
477 141 20
561 267 1
513 264 5
449 506 4
340 409 18
57 472 48
156 493 46
454 558 15
585 248 22
462 103 36
163 498 9
465 396 28
119 190 6
513 501 2
126 172 27
211 595 2
51 384 34
536 522 46
85 83 30
169 605 9
174 525 36
52 406 34
530 19 50
119 462 39
277 606 26
239 263 31
214 548 29
451 202 45
13 237 37
285 609 14
512 307 30
458 91 40
211 575 8
543 202 46
462 330 14
16 358 19
181 388 10
531 305 1
120 337 5
85 63 47
59 147 24
175 376 38
528 8 43
131 243 39
105 228 39
206 442 10
364 28 50
96 154 26
455 480 22
348 546 36
107 605 1
482 412 20
485 370 23
342 206 49
15 37 23
85 194 6
212 61 45
601 125 19
337 493 30
360 465 50
333 397 41
357 314 30
604 613 30
472 100 42
210 607 33
284 545 9
192 451 26
345 440 15
378 214 48
403 62 40
79 289 14
185 269 49
593 446 14
86 130 21
127 454 3
510 346 37
174 480 43
278 46 6
252 214 46
289 446 31
278 46 8
428 309 48
300 227 47
521 473 43
609 338 28
133 599 47
275 347 34
410 363 1
586 57 38
409 294 25
586 501 30
277 514 28
209 613 49
37 88 45
65 467 29
164 584 49
510 549 16
39 354 14
525 243 6
269 505 33
294 569 25
533 259 43
30 428 30
598 12 32
514 13 30
588 577 12
369 229 50
312 244 24
551 275 26
326 589 33
163 180 40
31 192 21
526 4 32
123 165 27
39 367 18
387 539 11
215 21 33
305 472 35
100 151 22
193 502 14
579 347 19
207 172 26
531 443 25
347 569 20
143 71 2
569 196 15
330 503 7
117 531 9
353 418 35
159 68 18
407 220 31
534 212 10
152 422 37
297 238 29
282 254 35
91 359 7
353 284 47
428 193 18
107 391 2
87 261 24
137 184 22
585 197 8
121 134 7
272 386 11
203 395 20
392 622 32
254 587 17
259 273 46
259 185 37
172 547 9
580 286 26
612 145 48
286 218 38
255 167 28
452 165 50
539 19 21
317 503 50
271 222 13
159 272 8
166 119 48
287 8 37
318 355 33
108 33 34
371 583 18
249 482 3
211 549 40
7 487 35
56 19 1
8 212 16
430 107 48
142 365 40
557 602 23
293 595 32
327 547 2
312 81 23
13 280 23
290 529 19
188 153 28
395 481 48
457 84 11
418 583 39
212 582 18
593 215 6
465 447 35
470 244 13
534 210 1
355 564 38
583 465 9
575 346 17
181 278 28
255 622 44
286 65 10
589 358 38
544 252 18
271 484 34
462 446 15
48 128 49
425 475 31
582 389 1
191 536 41
84 237 46
439 49 37
487 269 36
501 335 17
324 157 34
101 66 2
71 18 34
261 51 46
261 231 48
20 466 20
598 112 10
158 333 4
375 561 30
243 90 48
371 458 6
160 254 8
418 16 23
613 495 3
315 181 7
502 484 21
595 109 43
180 231 23
123 322 9
394 513 9
599 120 17
222 362 20
585 48 23
433 283 17
358 599 24
285 461 20
457 281 12
425 112 36
342 42 44
308 219 27
60 317 4
471 118 8
538 390 13
336 17 13
6 262 34
68 147 10
36 366 39
423 536 21
252 392 7
203 135 39
314 579 20
395 406 43
308 186 45
299 355 48
595 523 25
338 247 10
292 583 32
161 349 7
516 348 12
615 328 11
119 29 40
570 597 27
549 57 9
417 203 44
113 542 28
429 154 28
163 545 6
282 544 19
571 351 19
154 606 25
117 591 12
549 338 46
226 45 48
559 555 5
172 86 10
48 209 7
397 141 44
88 457 22
326 121 37
218 528 24
405 320 16
421 24 12
495 579 20
488 282 39
25 291 23
364 320 43
563 73 22
233 205 50
554 207 11
462 565 42
508 147 12
203 93 2
474 176 30
151 484 41
36 3 8
335 321 39
610 257 7
498 70 18
131 514 11
596 94 26
500 109 30
242 265 3
469 583 6
371 571 6
254 340 23
55 534 30
339 580 32
116 75 2
454 108 23
488 331 9
289 511 36
363 602 29
524 121 1
587 117 9
577 311 25
282 196 45
97 157 19
359 12 24
609 383 34
67 70 39
64 300 38
176 161 22
397 178 14
20 373 10
280 35 33
359 128 11
54 511 30
138 219 10
23 107 12
157 443 25
225 328 24
135 248 25
73 503 42
132 526 12
617 109 1
475 155 29
398 440 15
219 329 1
262 101 3
309 431 32
530 361 26
78 614 33
191 143 15
561 430 25
310 233 44
603 581 38
501 156 20
344 183 34
347 412 25
296 139 8
98 91 16
381 620 41
325 8 22
519 492 19
183 197 10
526 525 11
10 8 13
617 222 46
278 161 3
206 489 45
192 115 47
176 407 37
557 562 9
350 571 42
148 447 45
285 225 10
170 45 10
105 151 3
510 481 50
129 406 2
3 147 42
609 151 42
175 615 47
261 201 15
523 534 24
460 43 33
129 297 4
386 165 48
607 452 25
332 128 35
158 83 22
59 534 25
336 493 10
334 271 42
61 143 43
494 509 35
271 234 28
610 549 13
479 209 2
455 75 8
476 390 37
293 469 30
382 185 24
184 275 23
340 251 25
197 312 4
152 383 15
313 342 42
602 300 47
552 354 8
459 302 46
299 147 13
518 428 32
422 253 41
92 170 31
541 223 3
23 593 23
166 229 38
150 130 4
582 371 46
296 72 48
256 588 40
