468 8643
61 429 7
2 149 13
110 320 9
99 39 11
303 116 46
289 52 38
382 90 46
125 420 47
360 289 24
435 419 7
426 40 19
413 374 26
126 7 8
379 372 29
18 406 8
239 106 32
285 86 26
429 50 48
320 400 1
68 202 5
222 413 29
461 373 22
331 465 10
32 274 27
128 202 46
84 124 50
139 144 14
154 150 43
129 412 1
105 264 31
267 150 14
263 37 9
30 198 44
51 1 40
123 161 17
419 111 48
405 139 18
244 87 37
338 153 3
333 429 27
310 276 5
264 195 43
431 449 16
340 264 31
306 394 6
46 1 1
142 286 23
276 146 23
135 86 12
331 289 17
100 387 19
317 281 4
65 71 50
437 314 24
251 365 32
443 138 3
142 427 26
390 134 15
31 456 50
104 195 6
354 9 31
110 348 26
105 122 42
191 388 29
288 325 12
262 269 15
74 297 37
118 353 37
373 420 18
258 5 22
198 153 19
14 424 7
272 372 47
144 150 38
247 282 48
292 354 4
420 130 42
73 288 42
295 65 19
118 172 9
199 209 38
130 263 26
277 116 20
184 382 20
246 272 17
70 362 8
369 87 42
190 32 1
70 250 10
255 330 28
88 32 24
184 23 32
404 251 25
334 80 32
228 417 31
27 90 46
334 78 27
6 372 49
442 209 12
439 242 47
174 448 48
15 383 7
244 34 31
352 447 9
417 19 38
281 56 8
170 208 24
293 133 34
280 162 3
384 151 44
348 117 35
147 258 42
396 165 38
14 149 21
15 73 3
465 71 20
61 219 35
378 115 30
159 261 15
91 319 39
428 187 2
160 169 50
252 435 49
205 193 10
66 42 3
443 196 33
249 272 39
275 443 2
5 18 13
449 293 12
207 279 26
331 290 37
55 16 34
352 266 41
430 420 18
183 417 10
305 388 29
157 168 14
157 55 12
49 464 25
52 442 43
437 258 22
272 53 32
93 19 32
92 246 43
126 192 19
70 192 16
128 98 49
298 96 37
134 335 13
49 241 39
159 199 1
215 219 17
362 296 1
361 40 2
277 12 22
441 372 8
215 263 13
246 215 49
159 130 23
122 345 30
5 423 40
154 277 12
359 142 17
263 424 30
209 264 16
42 262 4
303 417 21
119 95 25
417 6 5
83 46 32
387 311 37
303 370 27
22 370 3
310 12 22
264 260 41
131 342 36
4 343 19
40 225 19
331 124 40
448 413 4
98 251 34
20 81 41
92 22 41
231 96 42
284 459 16
110 204 38
75 65 1
39 94 7
157 274 30
137 441 33
16 142 21
139 35 42
145 84 28
97 337 27
116 182 21
409 168 46
232 261 50
384 409 44
389 336 29
383 39 49
201 383 4
240 125 21
385 70 30
210 31 16
359 460 39
372 266 13
366 250 29
67 271 7
369 450 8
441 262 50
407 350 1
298 249 34
76 163 29
261 13 11
141 227 43
151 121 33
197 35 42
444 258 19
36 41 20
292 53 45
261 162 15
366 107 23
200 447 36
324 169 19
77 74 23
113 122 21
247 382 49
245 176 9
89 259 44
241 274 42
158 187 26
279 133 39
448 132 22
2 61 44
20 207 11
68 441 8
104 244 17
216 214 42
343 54 11
278 173 43
28 159 1
262 55 50
444 4 26
261 242 11
189 226 16
278 151 31
296 187 3
413 137 48
75 312 27
131 155 15
5 194 23
339 351 42
388 427 10
138 390 33
264 205 23
31 104 39
395 446 42
411 179 24
390 451 28
25 191 1
107 439 44
169 459 37
26 389 44
341 436 47
184 47 44
29 108 24
135 75 44
430 417 29
229 401 6
6 202 28
302 191 44
349 342 24
318 85 29
239 328 45
368 338 42
373 415 18
410 42 42
141 261 40
383 358 28
4 24 44
110 245 16
133 425 44
135 82 39
122 99 42
447 201 40
2 226 24
121 73 26
444 45 42
104 153 46
384 292 10
331 322 10
179 52 45
38 468 29
252 292 39
298 205 47
446 175 7
91 283 36
11 193 46
41 361 10
11 442 25
123 4 13
252 238 38
152 251 30
296 173 17
353 16 37
150 197 31
131 439 19
240 58 49
25 365 47
410 175 36
407 84 30
340 406 27
216 25 36
4 189 39
366 378 45
126 418 5
379 83 29
38 310 16
50 259 22
460 61 41
221 348 28
10 312 45
175 59 38
307 432 13
389 393 23
197 366 46
423 274 44
104 135 47
322 27 23
37 148 8
467 62 4
306 38 16
194 334 20
45 12 15
152 29 42
194 48 30
178 107 22
151 381 18
117 71 45
413 434 22
165 238 31
238 266 2
392 68 37
110 422 23
102 48 17
465 113 45
86 251 3
360 8 36
121 237 28
387 286 29
126 96 22
28 423 50
333 345 14
125 455 5
296 112 50
232 19 4
254 27 36
106 124 42
234 453 1
81 142 3
96 212 29
29 399 6
51 187 31
159 96 41
253 42 8
35 362 23
221 421 31
103 167 12
377 62 29
452 167 28
251 181 27
269 111 43
438 349 33
42 345 26
277 130 40
83 236 2
433 46 16
129 386 29
269 90 1
348 205 10
294 450 17
113 424 28
350 136 40
111 134 45
176 348 38
98 397 17
305 42 50
301 62 42
254 240 49
146 298 29
275 179 19
369 138 46
347 288 38
154 226 5
303 461 34
309 113 38
217 109 17
461 97 32
227 462 38
421 450 23
122 288 15
17 293 41
333 182 30
465 368 36
56 270 45
398 62 23
354 214 17
145 269 3
214 322 19
115 205 29
400 337 13
279 290 31
215 237 42
204 398 27
215 117 39
365 143 47
174 162 10
430 148 9
179 172 35
43 116 32
244 224 48
200 20 36
71 436 49
441 332 23
54 60 19
25 427 19
19 405 8
12 184 13
362 420 6
406 147 34
420 38 47
374 80 36
193 205 29
225 64 24
251 210 3
306 189 46
113 291 45
313 69 22
243 42 5
369 445 43
7 291 48
56 76 38
9 281 49
154 436 21
35 234 32
380 430 4
248 324 32
267 157 46
311 44 35
31 468 28
417 100 36
453 307 38
121 362 7
142 1 13
416 446 38
15 94 37
285 178 25
148 253 16
299 264 33
408 345 45
398 387 5
354 281 21
222 361 27
463 141 31
118 309 6
55 275 43
248 298 31
330 172 10
271 426 24
44 269 1
319 359 7
118 309 13
293 442 21
16 289 39
137 1 22
305 233 22
412 80 24
405 433 43
359 139 3
278 67 35
282 450 1
197 171 19
63 167 40
412 425 18
31 5 50
42 330 33
365 282 34
89 337 11
239 65 38
283 109 16
284 71 40
404 410 9
424 313 23
228 430 37
435 353 10
10 20 7
129 64 19
438 247 20
284 24 8
160 381 2
113 259 3
460 245 21
222 180 6
466 222 22
244 33 19
313 467 22
22 6 1
38 446 25
234 223 21
420 468 16
66 447 5
76 182 14
4 152 4
235 178 35
343 266 45
132 187 1
269 131 49
111 193 47
224 69 23
40 440 14
273 135 50
358 344 10
422 417 12
133 124 22
463 4 5
137 55 47
343 320 32
223 197 17
131 175 29
117 362 12
120 356 8
123 36 46
53 448 22
46 71 26
95 146 49
436 251 1
254 456 36
310 122 35
100 40 43
12 252 41
393 95 36
87 232 40
12 416 31
258 263 15
238 260 26
84 65 38
56 105 36
171 125 43
39 239 1
90 334 14
260 132 21
226 464 7
149 81 25
282 349 4
393 454 5
20 308 9
177 356 34
427 172 4
436 285 11
234 170 49
307 100 49
239 361 12
329 394 32
167 57 3
391 18 20
413 364 46
42 437 37
230 119 41
33 155 6
332 226 17
284 255 47
253 73 17
30 32 2
458 291 28
82 173 37
294 190 3
247 64 45
57 256 16
341 322 30
38 8 50
105 102 36
229 83 33
294 18 22
337 359 38
149 218 8
410 136 18
90 263 20
104 148 29
449 32 41
425 264 7
161 451 23
321 368 8
382 44 29
412 314 36
252 468 12
148 109 20
392 143 44
273 33 5
68 70 26
437 335 11
159 44 30
187 50 47
121 47 38
419 311 24
2 391 4
172 412 36
420 4 5
79 244 35
17 311 4
17 132 4
29 101 31
11 163 40
157 461 20
435 32 28
144 162 32
268 336 29
256 90 46
240 258 35
59 146 27
455 334 2
320 250 12
400 42 41
117 418 44
339 254 11
99 91 24
114 416 30
247 19 32
132 211 1
39 173 34
270 272 6
466 357 21
272 144 18
114 61 17
23 389 4
457 166 13
447 203 24
252 191 11
343 30 31
354 313 14
446 50 38
282 349 27
427 315 33
367 252 36
136 262 7
279 100 16
274 450 22
356 298 36
329 265 47
165 20 19
303 29 23
420 214 47
181 226 3
377 366 20
381 177 31
232 456 24
361 85 36
178 457 2
61 317 5
237 90 44
341 428 9
32 189 41
212 310 13
279 166 47
9 273 17
140 62 36
241 282 19
265 247 16
435 366 24
415 205 47
126 281 27
255 468 22
163 447 41
52 448 36
447 71 6
1 176 6
371 319 44
222 457 23
50 434 32
399 111 49
302 38 39
346 140 26
310 97 4
385 375 39
278 31 6
439 114 49
300 175 43
103 219 22
112 144 18
315 284 25
460 24 15
122 25 46
25 185 17
202 321 45
293 443 36
326 123 34
254 152 10
364 130 9
443 373 49
22 263 39
316 114 18
37 335 42
427 321 27
319 312 43
422 286 29
371 164 13
323 62 15
456 126 45
301 37 9
186 354 15
420 83 23
43 41 31
310 398 16
422 418 33
151 67 35
418 22 43
207 299 47
79 279 33
392 266 21
193 354 43
38 15 41
104 212 34
345 227 24
5 200 3
254 111 23
431 250 5
172 371 11
420 25 33
326 414 32
50 281 21
238 25 50
211 193 1
362 267 5
462 98 27
182 311 27
195 181 25
14 56 9
157 32 18
382 245 23
94 455 27
249 19 37
440 298 35
440 153 13
321 89 27
74 367 48
19 379 45
239 74 32
75 1 6
467 357 35
7 324 36
71 352 17
404 20 16
467 393 7
290 211 6
95 258 9
235 108 48
344 241 15
338 270 28
73 339 25
341 179 23
452 330 13
406 181 32
394 169 22
435 115 36
211 257 12
458 394 39
48 417 44
112 215 26
11 311 11
138 234 10
337 427 47
73 13 38
422 198 27
128 271 15
311 103 15
399 56 25
125 79 41
92 354 28
199 218 37
374 226 25
327 163 32
105 218 15
212 59 1
309 41 11
94 86 19
291 245 44
257 397 26
213 448 21
437 344 38
455 6 18
148 194 39
124 32 48
423 300 28
55 44 40
379 144 23
312 356 48
420 177 37
389 162 28
441 247 33
7 148 11
422 147 17
15 155 21
20 172 49
209 136 2
178 327 23
145 252 50
296 106 11
398 25 20
396 296 45
255 137 34
448 415 24
66 394 35
429 54 27
235 428 27
68 384 48
82 107 5
134 136 34
393 240 2
112 408 21
285 1 2
157 154 40
323 321 18
277 199 1
209 91 10
101 187 8
34 208 40
378 263 10
122 174 35
218 232 42
311 145 8
382 66 27
259 219 37
188 243 5
358 108 28
274 160 47
408 25 1
447 73 6
31 296 42
137 217 47
235 67 17
131 286 39
5 236 26
11 291 40
264 31 15
170 94 45
428 455 3
9 456 45
302 241 22
156 268 29
217 52 15
407 213 26
281 181 50
13 212 2
138 238 3
332 299 50
373 221 6
196 339 32
147 221 42
36 41 14
365 370 13
93 252 8
73 4 20
350 246 32
268 276 46
418 258 9
16 468 40
336 453 16
423 92 17
351 258 19
127 323 16
199 411 28
460 93 34
367 194 11
111 160 47
277 53 6
355 150 46
2 435 30
77 227 45
387 290 25
43 456 32
362 435 47
20 343 10
401 443 4
149 194 14
82 242 36
196 33 48
333 451 3
148 30 48
268 445 12
201 277 15
129 462 50
210 20 28
45 365 39
77 10 16
242 94 4
343 434 23
44 462 3
281 124 40
34 64 24
143 180 18
340 446 23
427 176 39
119 6 26
234 329 17
464 16 36
47 262 39
34 156 21
182 447 48
456 430 16
64 24 50
321 272 3
181 334 47
351 125 16
357 346 38
163 379 7
109 424 40
154 65 48
51 281 21
79 232 22
434 222 34
106 39 8
20 192 35
165 419 32
280 34 12
134 425 42
208 282 35
257 83 33
282 18 5
100 195 9
181 150 4
338 267 20
74 221 25
419 242 5
242 458 15
319 41 45
443 226 38
233 162 16
365 349 1
370 63 9
120 308 48
236 302 50
55 371 26
377 157 13
174 118 41
142 4 37
149 79 43
318 401 29
251 328 11
139 11 44
38 16 19
251 107 19
418 214 2
296 335 11
398 448 37
261 284 8
10 26 37
109 197 37
401 396 37
164 93 2
220 39 34
25 30 8
209 358 19
384 147 27
208 347 8
218 182 49
136 374 44
463 42 27
288 74 26
371 107 34
455 260 28
336 398 15
323 426 3
266 374 8
156 46 50
251 19 15
96 81 16
60 463 12
364 324 3
416 222 14
297 397 19
337 322 48
330 159 46
52 130 33
125 294 26
70 466 26
76 358 47
182 316 49
101 418 36
9 132 44
296 201 4
206 73 12
153 287 24
431 50 6
125 206 28
267 162 46
401 462 2
280 305 42
147 360 20
308 112 31
46 99 37
356 338 14
443 383 23
433 386 22
145 228 41
248 224 7
347 103 4
126 400 7
47 28 5
284 192 19
459 291 14
54 349 19
146 223 13
155 198 41
434 187 15
303 105 3
427 310 42
468 251 9
267 106 33
22 277 31
391 152 19
55 81 23
7 439 3
282 5 29
165 210 15
455 366 25
351 258 8
365 140 2
443 8 19
92 311 23
382 135 46
262 123 17
201 149 21
323 39 50
51 292 11
129 36 10
15 170 11
85 79 11
328 296 10
264 171 17
328 352 35
72 118 23
123 238 26
396 86 32
173 457 38
92 345 47
423 332 1
31 140 28
167 333 42
198 133 48
26 213 10
202 12 6
21 254 1
60 417 41
34 468 19
161 254 16
439 382 33
342 395 49
120 333 34
169 202 23
450 363 28
106 187 20
14 26 22
149 158 13
277 165 1
220 123 42
268 272 48
55 218 45
79 375 10
343 380 9
254 394 8
187 436 34
354 327 34
42 424 50
276 1 23
401 338 30
447 218 45
332 360 37
225 395 30
89 144 24
374 375 22
387 404 34
88 235 19
236 250 1
142 53 42
418 408 47
311 47 37
319 127 43
324 387 38
447 349 41
307 125 36
112 61 20
250 372 43
248 236 28
205 144 22
119 5 32
346 401 25
125 93 27
352 167 3
277 383 16
211 393 6
376 325 41
251 7 34
203 255 3
331 458 38
221 333 32
288 397 37
272 301 31
4 183 7
461 153 34
94 463 17
59 404 11
167 340 5
440 149 45
141 317 8
2 138 27
154 165 50
392 331 23
324 116 23
60 330 40
369 277 12
101 373 17
108 213 38
95 65 23
202 256 3
373 399 38
366 197 14
119 457 8
246 315 26
27 302 21
341 239 45
101 462 31
149 347 2
387 84 10
20 437 17
221 174 41
136 107 37
204 358 10
360 98 5
96 440 24
80 235 39
255 31 27
400 405 21
162 331 28
388 84 42
270 338 1
130 426 13
389 32 6
36 117 7
69 444 48
301 175 6
112 173 34
64 364 45
424 201 11
464 244 39
165 278 14
462 287 49
311 451 3
141 396 24
353 333 31
327 85 2
85 40 34
27 260 8
456 162 31
464 289 9
277 416 42
78 124 29
326 214 38
32 93 45
350 213 15
439 35 19
356 60 17
296 66 22
59 311 39
168 378 16
251 302 26
437 174 43
404 72 44
389 107 39
354 259 22
174 69 20
284 101 43
236 5 48
382 384 4
302 396 29
277 334 21
388 71 28
155 196 15
308 426 36
249 238 28
393 219 11
452 87 5
70 260 12
164 59 35
467 2 1
129 368 22
123 461 27
95 339 45
100 430 35
243 445 39
125 399 35
186 45 47
404 417 4
468 373 18
269 255 31
187 455 17
161 201 28
321 50 46
231 423 7
51 71 31
323 176 14
180 71 7
407 330 41
323 440 48
139 80 17
428 305 32
54 73 34
348 307 18
458 107 45
56 374 17
276 380 17
94 298 1
285 446 25
292 52 6
91 448 22
425 60 13
358 299 16
28 468 26
161 81 7
352 301 46
323 234 8
464 207 44
461 209 46
33 320 12
80 171 46
24 386 3
197 203 39
178 154 20
71 105 33
236 347 22
216 111 39
55 98 1
180 468 43
389 265 20
55 434 42
6 252 10
451 328 38
274 230 26
392 184 10
317 241 26
353 37 39
121 219 39
36 287 41
141 431 18
16 457 32
307 446 19
6 125 32
466 70 44
140 266 49
326 237 40
5 231 8
240 402 26
399 457 26
57 276 4
36 279 16
169 410 17
23 221 9
16 298 31
182 452 7
97 90 21
50 298 50
198 422 25
84 105 28
446 47 13
339 85 49
45 263 14
12 98 40
438 76 45
366 395 40
36 276 23
66 38 47
379 153 5
190 445 23
128 239 34
311 252 44
350 198 21
304 93 17
163 210 48
414 238 50
402 44 6
294 167 46
127 316 39
124 404 6
224 207 25
467 203 21
246 340 38
68 255 29
263 33 25
127 151 50
141 275 34
359 121 50
201 8 38
326 111 46
248 362 41
164 431 13
102 419 48
360 337 8
176 157 49
445 468 9
356 452 16
175 55 2
110 101 45
411 215 10
39 346 46
54 205 31
238 468 28
147 207 1
188 262 36
462 357 40
54 377 30
275 286 18
423 90 21
61 249 5
257 111 2
87 337 38
338 92 42
370 107 12
399 81 17
96 412 8
174 218 8
59 189 46
62 291 8
217 409 3
413 100 21
117 54 16
94 311 40
185 162 31
374 286 30
143 441 49
74 400 9
31 447 40
209 304 13
330 97 14
256 240 1
188 321 16
214 87 48
182 92 2
376 185 18
6 54 38
133 116 38
51 208 20
341 17 4
456 121 41
377 182 3
398 349 11
169 330 37
43 378 19
53 151 2
246 76 3
259 389 21
29 443 7
299 298 18
161 341 20
78 97 18
33 225 10
74 454 12
467 415 16
144 214 48
330 271 19
352 325 28
319 182 37
285 459 12
129 210 35
432 284 48
417 125 45
295 458 21
273 190 7
421 326 15
461 305 49
417 5 32
396 395 22
424 144 13
77 160 24
392 189 31
426 412 15
157 174 43
357 399 2
36 405 36
430 67 3
61 152 29
113 372 24
414 61 39
48 139 23
395 399 30
168 467 12
414 191 21
241 383 23
254 447 2
461 194 43
218 459 41
367 166 16
18 140 5
211 64 15
156 356 17
374 455 1
9 348 42
48 266 42
244 403 14
49 43 16
443 438 47
414 18 48
197 275 49
318 358 41
143 114 8
16 335 35
233 167 11
49 387 23
42 164 41
396 456 19
201 142 45
253 287 28
416 369 50
48 446 37
444 261 23
227 372 20
74 354 30
254 452 31
190 34 32
352 26 12
419 297 49
350 394 34
11 405 4
112 47 9
107 170 1
137 126 6
36 236 5
349 374 48
461 11 32
27 213 43
54 423 5
111 391 4
435 286 42
351 324 8
206 228 37
215 329 1
350 409 19
461 155 24
166 253 7
279 306 9
182 441 8
246 206 35
447 111 25
353 29 27
217 150 43
317 223 2
456 77 5
45 457 5
258 373 30
226 107 12
80 285 19
50 189 14
17 116 38
59 6 44
399 438 34
449 328 47
287 130 32
152 420 23
77 417 50
252 330 45
343 91 14
348 140 49
145 32 50
239 359 2
36 397 29
132 47 32
92 30 26
364 25 39
77 189 40
428 209 25
114 282 16
379 18 36
89 35 18
269 157 43
374 417 39
366 226 8
242 148 11
73 178 29
448 283 16
384 199 45
37 322 48
101 126 8
452 435 14
82 53 49
246 30 47
424 35 24
245 308 36
465 368 1
411 367 1
422 391 10
317 413 37
375 368 36
262 316 10
258 164 26
78 143 35
344 314 26
383 265 13
22 88 4
249 236 6
241 314 18
4 311 33
345 252 37
37 162 12
286 49 26
459 362 26
122 432 4
99 382 17
466 319 13
362 348 3
322 318 36
246 171 44
463 390 38
394 226 36
349 56 32
248 212 42
192 136 34
353 332 12
172 277 49
133 263 27
244 217 16
153 79 16
89 217 5
331 410 13
126 103 4
310 115 37
147 14 22
153 442 8
58 261 45
163 378 25
186 375 31
87 229 48
422 461 25
51 52 34
450 38 24
415 341 5
379 461 46
376 424 10
242 387 25
118 270 17
32 286 37
372 145 33
2 199 17
424 391 2
50 350 38
83 364 47
109 428 3
40 255 21
308 317 16
24 9 29
201 92 41
105 179 34
151 3 2
278 128 6
63 104 32
174 189 4
308 353 39
243 380 19
417 152 42
375 278 41
37 139 18
395 205 50
16 391 12
312 425 10
183 422 44
164 375 11
64 201 42
7 178 15
325 77 24
174 307 32
340 3 29
138 222 34
385 128 32
457 122 36
255 50 39
438 38 41
250 188 6
51 117 8
192 82 23
414 46 6
85 234 18
177 364 21
149 427 26
428 79 19
5 31 9
184 352 15
450 458 27
274 392 50
462 221 5
325 374 49
240 388 18
372 149 1
466 269 16
203 106 26
21 431 17
152 7 41
151 266 8
385 132 49
414 154 38
2 320 13
343 225 39
92 277 25
172 467 49
398 334 23
237 89 20
402 86 19
336 409 6
85 86 30
189 275 28
5 197 27
376 120 49
192 350 13
351 75 49
73 167 24
188 208 2
266 408 35
361 172 7
54 178 36
343 114 19
201 101 24
445 292 23
104 169 12
195 21 12
306 388 8
245 132 33
190 381 37
261 346 3
43 364 6
143 353 24
459 301 17
86 382 27
288 252 3
266 102 7
225 70 31
384 152 47
425 393 21
55 358 20
150 128 37
415 18 44
318 392 34
57 8 5
29 39 41
316 17 36
314 52 4
70 229 25
21 196 3
360 341 32
170 309 7
97 22 32
266 86 45
185 138 19
265 312 4
307 462 43
131 253 1
268 95 26
360 263 39
463 250 28
412 17 26
381 269 45
344 315 7
392 339 13
30 73 3
42 341 7
101 49 24
268 272 25
166 319 16
150 171 17
336 16 21
458 332 24
102 41 13
464 467 8
377 1 29
142 164 16
364 188 48
296 269 35
177 51 26
101 48 21
279 86 30
122 296 39
206 430 33
424 16 49
452 372 15
59 418 15
216 339 39
283 264 14
133 39 32
107 59 19
418 8 19
62 449 14
305 368 36
155 259 20
312 236 30
408 100 39
403 285 49
357 236 33
223 217 39
387 108 46
427 216 26
81 241 20
113 136 50
437 406 21
361 285 36
205 276 43
245 10 33
16 133 14
95 325 50
316 202 5
26 264 23
11 278 38
157 268 37
305 71 34
175 94 22
312 286 28
30 5 47
9 172 37
77 312 39
68 347 15
419 382 46
322 218 45
355 125 21
443 118 15
205 196 42
386 292 37
306 462 9
290 425 38
174 286 14
188 314 10
353 371 1
349 144 14
44 149 1
415 304 46
138 289 49
37 432 15
306 284 19
281 186 4
449 423 16
220 98 40
364 103 41
55 263 13
98 319 4
74 401 19
183 438 4
446 65 34
420 279 6
247 251 24
468 370 49
41 387 29
157 452 3
147 188 19
226 346 2
130 81 2
28 172 30
101 295 45
130 109 50
28 389 35
340 423 15
429 161 28
73 109 18
170 257 4
276 89 37
313 86 47
162 144 28
22 422 39
380 232 47
344 346 29
53 387 12
129 137 38
384 76 24
27 250 47
446 317 46
386 431 35
103 177 26
238 184 7
317 419 32
13 306 14
149 322 6
448 364 27
417 144 2
349 204 47
159 250 42
365 68 6
156 58 15
172 159 18
110 455 29
319 129 38
26 425 14
233 191 10
10 361 31
373 152 12
440 342 22
21 37 1
46 389 32
172 215 15
173 262 2
178 213 38
289 291 24
98 219 36
379 375 45
342 28 36
346 262 18
75 357 19
358 30 7
120 54 39
143 425 22
261 355 2
365 219 11
437 395 6
237 49 29
372 164 32
212 401 34
125 53 28
38 104 45
3 267 14
118 325 47
44 334 43
316 229 24
89 88 10
184 256 12
440 20 29
247 312 12
357 94 48
420 153 47
120 287 34
235 233 29
85 162 34
40 326 47
24 364 35
162 264 50
78 192 40
224 349 45
331 33 21
373 68 36
336 78 17
165 123 28
468 338 5
162 140 3
320 35 45
352 197 16
292 154 14
99 350 49
98 276 32
324 43 47
336 442 37
132 461 37
48 40 5
439 275 17
309 450 4
134 426 24
365 394 41
291 416 50
345 415 13
122 316 8
181 296 17
313 323 6
6 428 39
350 273 17
90 312 42
82 434 9
105 298 29
274 393 44
291 74 28
215 293 14
450 18 20
14 324 10
161 99 8
115 104 49
227 150 32
88 268 21
287 1 49
260 52 38
88 246 47
102 424 11
348 406 16
445 294 43
4 430 24
403 104 4
362 461 6
192 53 41
351 170 10
434 200 45
391 234 31
255 311 30
83 165 9
107 378 8
344 72 19
250 43 35
443 281 15
304 428 7
323 2 44
459 208 13
85 78 48
157 109 16
61 95 37
89 193 7
10 197 30
455 364 39
143 92 40
348 126 39
95 298 31
437 262 7
173 61 29
27 138 18
434 396 47
316 50 1
25 254 41
244 405 38
235 311 12
427 455 18
209 153 37
397 367 17
371 373 14
258 268 8
290 426 41
191 411 33
196 154 36
359 345 43
86 80 17
261 372 15
463 84 11
137 221 43
60 59 21
31 52 30
174 262 23
453 212 5
246 330 44
3 26 7
17 422 23
315 429 37
341 210 41
64 153 50
399 440 21
241 324 21
103 254 33
419 134 32
367 338 19
22 177 26
429 376 14
46 339 8
3 309 18
21 60 44
242 253 28
321 410 34
145 220 34
100 56 2
44 356 29
46 290 45
318 45 42
299 255 14
53 60 13
102 250 15
155 356 1
363 313 4
6 98 6
86 463 43
160 443 12
447 304 2
369 34 32
6 319 7
183 443 19
171 54 9
161 74 29
98 406 43
445 78 47
310 19 7
233 62 20
457 140 31
151 409 4
5 412 30
464 313 4
114 166 27
363 394 25
196 313 36
6 8 21
355 127 23
304 235 12
62 70 49
300 211 33
10 182 19
79 360 29
36 338 45
135 191 28
245 104 38
297 286 36
282 263 8
54 113 45
461 442 41
347 265 8
140 94 40
22 34 50
145 409 28
38 239 36
54 99 36
360 153 5
116 33 1
448 327 38
168 191 11
4 142 5
159 430 14
288 82 27
299 350 50
179 286 35
15 313 45
185 210 12
394 95 22
350 450 41
357 412 23
430 132 47
372 439 26
139 310 41
336 368 2
56 330 29
58 255 16
169 300 50
257 204 37
215 444 17
377 348 23
306 91 14
332 367 6
387 120 21
17 159 45
455 313 8
202 296 4
221 348 30
455 408 11
77 67 36
146 403 42
339 430 50
78 468 41
308 331 40
358 329 20
403 149 31
123 45 1
27 252 48
316 374 43
280 4 35
42 67 38
166 439 12
143 380 16
306 46 8
137 121 20
15 327 12
385 200 22
68 409 25
221 188 34
354 210 33
433 42 24
374 170 40
454 283 31
158 435 27
33 200 7
397 417 25
111 128 5
254 219 29
259 383 5
255 206 36
188 3 46
27 25 5
464 102 1
192 268 27
268 404 15
245 144 44
442 278 24
419 82 39
415 324 2
79 23 15
425 456 36
242 138 47
11 173 50
400 408 44
465 169 6
179 377 16
438 75 42
42 220 5
459 198 7
464 390 4
46 56 11
231 168 37
2 375 42
132 344 30
398 341 10
335 267 30
438 262 7
210 70 37
24 204 19
389 2 3
224 137 34
465 270 8
365 377 38
182 99 42
429 391 38
407 190 10
386 272 34
66 87 32
439 358 26
214 176 18
297 183 36
174 126 34
289 385 23
203 152 46
142 400 13
466 192 11
46 224 41
65 342 8
50 418 42
74 375 4
185 232 13
163 16 35
196 390 4
178 460 47
445 450 36
418 316 24
285 43 34
436 185 49
6 170 45
204 19 3
367 417 23
32 3 8
149 21 43
264 397 22
385 89 9
310 432 2
50 127 39
375 457 22
181 274 8
424 128 10
120 441 2
417 226 35
460 403 1
443 418 14
159 46 18
421 210 15
142 444 40
238 170 14
347 84 45
305 323 35
154 110 11
45 24 23
314 303 35
46 329 37
58 188 12
239 164 31
364 211 22
345 386 26
384 264 24
201 170 14
225 234 50
341 294 7
275 218 16
48 299 37
75 182 10
391 189 7
182 114 24
383 124 29
465 356 7
415 127 30
299 340 17
427 256 43
233 328 45
191 97 13
363 443 33
248 345 11
438 296 20
398 107 46
441 332 17
386 118 38
63 318 21
280 402 35
119 9 35
1 102 4
369 366 4
36 18 33
332 40 31
361 30 12
335 185 24
322 248 14
288 15 38
83 27 33
272 48 3
59 290 2
356 367 2
108 111 7
39 413 27
454 44 26
37 221 14
361 10 43
219 159 44
426 265 27
217 401 32
275 416 11
226 131 49
257 388 28
351 7 7
441 79 15
404 15 7
55 443 32
345 388 39
88 51 43
180 116 25
456 187 34
349 122 2
423 139 1
18 156 34
248 449 30
258 342 47
159 309 29
187 128 35
77 214 18
236 461 38
409 393 23
48 108 47
45 83 25
301 365 32
412 363 20
95 161 41
101 80 39
258 53 34
42 455 33
371 30 28
6 422 12
262 117 18
201 61 50
189 205 8
364 152 48
319 262 40
181 49 31
320 291 4
81 158 18
406 334 5
429 408 8
392 386 2
449 17 33
154 122 16
113 209 20
174 82 24
131 194 7
443 385 21
306 385 5
145 104 1
122 275 21
174 127 32
139 464 11
161 169 26
241 104 24
104 310 30
377 193 37
379 23 31
159 251 36
281 63 22
112 97 12
62 45 28
287 372 27
115 311 42
365 262 11
357 274 31
205 442 14
292 275 27
20 419 48
348 13 29
187 445 32
7 152 9
17 233 8
389 234 35
159 9 46
456 204 26
99 258 19
458 351 42
465 341 37
203 290 20
270 349 33
27 289 48
225 268 30
269 140 20
434 163 39
301 270 7
386 400 30
323 440 14
148 49 6
461 391 41
50 117 24
54 414 10
77 258 24
7 416 7
124 374 30
160 174 25
378 359 27
397 45 30
295 65 28
407 467 30
180 240 27
140 235 15
455 228 35
161 215 38
301 330 7
435 332 2
210 325 4
390 441 26
387 467 44
434 279 9
350 92 48
186 395 45
193 224 28
184 120 3
362 414 16
92 219 9
141 1 13
71 58 30
274 278 16
137 135 30
340 456 47
216 352 10
269 262 47
81 343 33
37 159 37
151 13 34
403 446 19
349 100 36
170 31 31
435 203 46
143 39 18
79 284 49
383 77 41
119 297 43
458 289 22
7 320 7
125 157 27
139 150 2
165 42 12
321 130 39
261 346 39
26 126 12
433 129 7
173 50 15
21 439 41
37 329 5
437 294 9
180 355 38
38 132 1
256 357 24
218 354 6
29 130 39
63 141 45
450 444 10
141 91 38
448 323 10
114 466 34
75 315 25
164 214 15
387 28 28
375 172 23
188 184 4
353 440 1
291 437 27
43 467 35
324 87 25
94 370 44
214 208 23
152 404 19
143 167 39
103 169 40
117 253 35
313 372 46
273 214 25
186 197 31
202 289 38
437 294 44
284 75 48
349 388 16
405 330 26
444 242 32
313 58 12
352 192 46
271 252 1
44 173 12
304 175 40
147 109 35
272 214 13
183 278 3
347 458 24
210 240 4
108 145 14
464 335 23
256 160 30
63 121 19
281 336 34
430 249 34
141 361 11
440 112 50
92 284 22
52 191 1
256 407 39
446 185 11
335 326 20
368 326 6
54 457 24
79 238 8
330 292 4
260 220 1
180 203 29
326 129 5
147 86 27
167 426 38
90 463 34
277 289 33
283 75 39
355 401 28
386 186 17
448 328 1
425 9 48
309 171 1
213 209 4
170 461 40
43 73 9
165 180 37
34 242 10
212 196 31
72 347 16
393 413 44
167 1 1
377 128 47
60 22 47
108 267 47
18 30 5
171 69 10
25 462 1
253 232 20
243 352 42
331 109 44
334 103 7
378 466 38
352 26 23
284 215 5
127 242 41
349 202 3
324 305 5
161 266 15
16 415 4
381 462 38
389 267 46
95 358 46
25 67 24
335 438 22
390 308 4
279 370 24
124 429 21
289 11 6
367 162 49
317 200 34
256 175 49
113 71 26
177 11 44
208 334 26
221 175 37
366 213 34
428 403 3
145 226 27
267 403 5
158 157 47
102 371 5
316 233 40
417 366 10
436 375 2
14 28 14
337 377 46
249 352 18
245 157 24
368 286 40
246 255 10
189 446 24
31 309 11
364 164 25
79 165 32
205 224 9
151 112 13
149 127 33
398 462 7
151 74 34
458 49 48
89 176 27
464 55 29
220 318 29
39 104 9
82 134 35
114 267 43
99 110 1
242 178 44
24 255 20
315 381 4
106 375 3
458 179 43
210 92 8
81 22 34
134 418 42
206 60 41
430 14 18
134 465 22
310 127 3
462 36 34
299 462 17
298 93 28
295 153 6
302 79 46
36 298 6
293 328 16
415 183 45
339 163 42
67 106 12
67 435 44
93 219 35
277 250 11
194 75 19
365 61 36
184 263 44
435 101 32
248 293 42
244 120 50
190 393 10
13 85 4
48 454 23
167 45 4
410 102 28
140 21 23
102 179 13
167 146 34
77 352 18
239 429 8
58 453 28
199 379 31
259 179 28
15 438 36
177 407 27
419 390 38
253 329 27
312 1 21
104 74 26
236 331 29
44 230 21
181 299 15
177 5 4
61 17 34
205 353 16
19 463 9
280 231 45
102 116 28
312 330 41
349 111 50
344 352 14
460 298 39
296 111 8
307 10 9
440 116 5
89 459 31
127 36 20
143 341 45
129 5 47
233 96 22
228 456 8
218 333 35
85 47 21
452 251 24
78 369 10
21 188 45
443 23 35
468 282 17
23 65 9
318 193 41
367 455 41
4 354 42
231 368 7
68 273 46
413 337 39
131 133 46
370 311 3
373 387 30
237 374 15
188 398 46
439 234 15
153 167 43
79 242 9
283 205 25
152 83 18
234 171 48
448 165 36
193 432 11
177 141 12
46 255 37
414 352 9
338 444 32
451 386 10
66 363 24
341 299 23
446 400 48
340 50 39
446 128 27
424 137 23
336 12 42
87 441 28
396 12 13
126 245 28
36 157 20
267 223 7
339 265 32
330 143 24
298 417 40
344 53 47
408 365 23
392 93 6
184 40 21
258 64 4
153 106 34
248 445 27
465 240 21
95 461 32
162 395 11
166 198 29
40 263 26
326 25 6
309 380 48
423 253 22
467 262 24
276 134 15
133 383 33
459 216 28
26 289 9
392 270 18
375 263 11
108 237 13
319 55 14
165 63 9
245 445 23
329 148 37
311 313 17
304 85 48
25 467 39
250 466 11
191 5 21
149 368 14
199 410 27
375 140 15
56 130 31
451 141 43
415 346 31
231 431 7
249 280 9
247 240 33
446 463 43
383 371 35
4 20 20
428 21 28
362 149 22
63 437 12
144 181 19
443 242 1
111 313 5
218 332 12
267 272 38
419 333 36
106 22 31
414 109 43
387 266 11
235 114 28
298 305 6
136 240 3
195 24 36
408 57 4
45 450 20
393 462 4
78 407 46
255 10 4
373 429 3
320 136 19
310 410 7
267 201 36
240 252 1
259 232 3
72 366 25
74 232 25
304 88 18
217 291 30
413 92 10
305 417 23
414 63 45
55 248 41
243 324 38
356 292 15
338 169 28
53 290 12
361 458 30
165 76 15
223 370 20
306 185 31
328 346 1
119 384 23
248 111 14
44 467 20
15 233 18
330 74 29
468 88 27
170 72 3
377 328 44
382 28 12
375 303 42
430 352 46
428 392 34
256 306 50
81 277 13
1 27 6
244 182 25
292 186 9
173 308 16
239 198 25
159 396 17
294 224 45
268 40 5
206 401 35
25 267 50
460 392 41
320 382 6
282 30 33
370 4 21
54 340 27
187 281 30
372 310 8
132 155 14
300 292 17
185 312 12
245 209 50
224 192 1
341 31 38
309 313 4
24 383 11
82 36 29
146 377 39
122 309 25
416 277 25
192 80 23
309 216 34
308 319 13
65 265 26
375 76 43
236 449 1
40 444 38
228 3 25
123 463 18
343 240 40
163 170 8
206 47 44
84 168 46
412 235 21
56 258 32
159 311 44
294 329 35
143 446 24
333 415 47
26 392 20
428 251 29
177 312 46
363 35 23
402 15 22
424 104 7
299 6 37
71 457 50
252 93 40
466 446 9
368 361 6
161 262 9
24 70 10
33 378 22
295 352 4
169 332 22
61 304 21
143 152 27
44 238 7
355 76 48
221 332 28
358 461 32
341 261 37
176 6 9
358 179 8
99 35 17
429 367 19
435 143 31
318 213 38
394 37 30
333 27 50
370 139 36
371 56 45
222 205 37
381 193 18
82 210 45
141 264 25
3 454 46
22 302 35
273 28 10
445 429 20
39 73 38
142 435 6
57 107 10
96 366 15
223 224 7
181 130 15
366 357 5
388 409 29
149 161 17
358 391 47
40 181 23
286 39 30
369 41 29
385 236 43
195 467 34
433 24 49
358 227 4
92 260 18
341 244 10
367 31 4
326 379 1
121 246 33
86 49 4
397 165 47
384 199 37
355 348 46
57 451 24
330 197 34
162 24 43
373 413 38
201 61 31
194 278 41
33 118 27
415 230 45
370 59 27
279 143 22
281 338 9
451 82 40
384 401 28
171 134 40
224 375 28
467 250 8
432 143 37
112 170 38
392 88 8
400 363 34
322 169 45
57 70 3
148 88 49
449 140 37
371 168 24
367 374 11
442 279 35
94 305 45
234 261 43
357 34 45
105 244 26
1 96 7
217 408 13
381 445 9
383 132 46
419 386 20
196 188 3
389 37 50
208 22 4
230 206 48
20 124 3
337 316 22
102 408 35
291 361 44
373 252 39
397 42 43
220 24 18
388 327 25
278 209 26
388 142 47
358 19 8
254 364 36
73 53 10
336 362 47
8 78 10
234 114 2
64 120 42
384 291 46
373 445 34
204 197 48
413 313 43
332 96 49
255 299 17
174 310 46
141 116 3
399 340 46
357 332 43
311 406 42
300 390 26
338 136 19
458 188 32
295 432 44
395 436 34
303 321 16
22 59 26
398 22 40
374 170 29
342 178 21
157 127 39
436 108 12
67 419 37
187 179 7
400 285 32
369 14 35
418 122 44
341 333 1
256 333 20
4 123 42
305 134 17
328 128 40
19 258 33
176 217 30
176 250 45
461 241 25
422 98 17
465 397 16
178 268 42
303 323 36
145 34 25
281 44 18
180 317 49
136 234 35
335 261 20
238 38 41
230 442 47
259 158 18
434 358 33
127 79 36
456 219 8
353 232 22
333 247 40
3 414 7
395 237 7
61 344 22
256 310 31
352 331 36
350 190 14
179 197 2
460 349 10
22 338 50
309 286 21
128 292 34
340 288 2
14 112 37
165 221 49
318 170 46
114 11 9
304 187 1
468 156 38
398 410 50
31 61 9
166 315 21
232 35 10
431 380 23
278 436 5
74 363 28
216 333 44
9 34 43
317 22 50
375 429 27
354 303 43
245 413 5
188 468 31
110 129 26
403 410 11
230 384 38
339 152 15
146 297 34
302 138 25
48 379 48
58 157 13
340 264 29
126 252 3
308 253 22
198 239 31
152 112 47
127 445 45
237 292 50
402 250 6
322 43 38
153 145 26
464 414 24
247 257 13
6 195 24
227 14 9
248 251 15
19 453 36
363 219 35
13 303 45
402 1 29
432 271 35
329 453 4
461 386 29
315 115 11
51 81 35
243 168 40
417 187 27
420 20 37
124 1 1
459 329 4
463 320 49
405 372 28
336 107 22
362 110 19
437 422 28
10 101 15
422 219 6
253 44 42
137 403 4
227 229 38
257 468 25
172 424 29
194 105 31
209 52 5
117 223 37
32 344 3
186 381 36
338 158 44
223 178 39
20 418 15
123 115 22
233 313 44
361 188 3
27 463 9
158 162 3
195 464 24
292 235 15
263 59 22
395 386 14
316 183 33
211 70 23
281 363 8
105 177 38
456 306 24
177 446 10
402 285 50
240 438 12
441 227 15
279 2 38
259 61 48
94 463 8
348 371 39
448 90 19
25 365 33
310 402 40
163 89 29
102 179 44
311 197 8
291 47 26
300 242 20
299 136 18
119 248 23
36 460 1
285 86 20
240 15 28
134 86 48
20 362 8
99 450 38
54 117 4
152 261 40
218 395 16
422 251 45
117 164 44
256 465 15
105 35 15
139 319 24
329 121 50
299 227 47
243 430 10
11 455 5
384 59 2
243 415 41
129 448 12
6 254 4
123 258 37
386 210 25
148 244 32
379 348 42
142 445 26
267 382 21
411 466 17
197 424 34
221 327 26
290 159 38
73 142 46
327 320 40
182 197 12
131 35 25
455 365 46
42 114 3
34 429 48
29 359 10
152 245 16
438 40 41
196 90 5
170 349 15
317 79 37
286 309 44
405 31 48
196 213 49
29 37 29
445 359 9
336 216 49
256 128 34
329 343 42
173 172 10
179 404 29
61 313 17
165 208 7
356 253 15
174 410 45
24 459 50
330 331 48
28 188 22
363 447 15
389 197 50
90 37 40
462 217 16
382 219 17
59 468 48
363 68 21
139 336 13
296 82 33
89 394 26
249 289 8
131 271 50
149 23 9
156 131 49
235 416 21
456 391 19
358 399 50
128 304 33
39 295 46
379 158 12
261 452 33
126 288 13
287 45 47
384 291 13
177 140 9
52 352 19
357 46 38
192 438 31
338 230 14
306 284 5
153 409 32
197 195 20
338 156 15
192 422 8
364 323 39
30 225 40
297 376 18
270 405 5
408 304 12
282 222 3
399 181 18
199 167 34
269 188 20
415 111 20
316 119 33
325 1 48
255 223 25
50 7 30
328 280 39
459 280 36
21 210 26
175 388 13
95 118 14
398 440 6
129 400 43
42 379 31
321 216 35
448 357 47
109 275 43
316 457 30
450 53 17
396 69 9
321 128 24
351 382 16
247 420 35
12 176 45
370 188 42
207 272 18
401 259 4
19 444 36
21 411 44
314 157 32
48 107 20
33 113 49
450 407 4
43 110 26
171 364 13
156 321 16
341 422 18
37 323 25
130 241 47
89 293 20
31 383 15
237 291 12
400 62 9
324 108 42
453 164 35
382 342 33
261 73 7
165 257 3
102 172 20
385 99 37
56 11 15
68 299 37
26 202 23
458 369 36
374 44 30
322 375 8
242 249 17
207 463 34
375 333 28
31 13 49
310 353 45
48 266 29
24 128 32
107 276 17
111 216 9
401 219 28
314 403 7
230 360 44
378 131 18
84 394 38
40 148 5
308 26 32
384 100 7
420 466 12
424 207 25
465 187 30
95 416 5
390 275 3
420 58 47
371 135 25
81 171 38
180 190 35
110 46 1
306 289 31
232 75 25
172 173 10
200 372 24
250 111 19
121 424 1
290 439 46
453 412 24
222 367 50
395 288 4
460 424 24
373 334 25
314 362 46
415 374 6
111 223 3
247 164 42
327 318 9
31 188 33
349 41 35
194 117 42
378 14 39
323 362 33
67 77 49
333 414 19
90 149 1
68 107 8
233 275 20
27 331 20
395 119 22
74 204 19
268 237 44
89 272 15
2 162 24
401 398 12
17 421 8
121 10 30
442 222 45
24 71 2
129 177 24
373 107 14
230 168 4
382 368 21
339 122 1
269 418 29
2 105 20
50 453 19
22 186 38
78 409 43
268 71 43
173 66 27
418 189 34
421 34 22
174 29 16
347 57 1
306 389 25
219 19 43
390 221 43
172 358 23
226 426 30
204 121 33
374 344 13
261 212 13
422 231 5
73 266 24
121 58 15
324 440 34
374 299 21
304 339 20
188 403 10
138 353 6
253 393 46
285 375 22
456 319 44
341 187 3
376 433 35
140 59 14
275 153 33
354 149 27
28 275 18
218 42 43
357 143 3
66 207 48
186 183 37
294 68 1
96 309 19
59 29 12
145 24 15
435 217 22
68 240 36
275 20 21
92 333 35
155 115 21
348 60 5
154 329 43
419 221 25
183 308 25
304 129 19
6 346 43
292 225 42
260 306 17
423 288 48
229 95 42
238 270 46
201 227 6
267 449 18
79 383 7
402 136 17
353 382 6
28 111 17
167 42 36
359 453 10
383 398 11
409 160 26
368 157 4
353 196 12
454 197 13
273 233 1
150 14 31
371 332 30
445 311 50
398 182 15
22 466 2
230 50 6
273 175 16
246 336 47
174 428 15
117 225 8
168 122 44
94 383 41
46 366 26
226 161 26
461 412 15
157 3 24
325 209 14
315 393 11
372 458 46
371 270 48
4 183 46
221 123 7
175 365 44
408 291 14
291 154 20
459 4 29
169 313 45
309 194 44
277 144 38
426 342 5
81 5 5
369 204 48
47 298 47
423 125 35
298 310 47
439 17 17
350 308 20
392 10 4
454 24 29
293 263 6
206 349 29
21 16 11
57 199 37
307 268 25
186 307 19
195 148 1
308 163 31
204 163 7
114 182 39
171 409 24
343 430 43
124 87 35
82 5 30
353 264 20
417 403 36
423 33 26
264 159 33
409 250 8
192 68 2
91 254 18
432 17 22
464 296 12
343 147 10
298 188 4
459 8 14
464 105 19
241 392 3
289 280 28
153 161 42
142 185 24
360 127 18
249 195 43
167 316 3
112 121 23
151 251 28
229 93 26
400 326 30
197 319 42
261 454 30
440 404 27
250 449 2
158 125 30
405 423 44
33 288 28
389 123 30
296 51 37
144 245 18
148 397 45
427 422 4
69 391 1
159 371 3
421 128 47
292 439 18
231 114 36
14 134 16
168 260 25
124 314 7
440 34 13
387 347 24
191 168 9
73 444 13
425 17 10
64 414 45
340 422 13
395 44 38
367 302 14
386 77 27
179 425 30
308 263 41
180 44 25
38 276 48
348 435 18
313 252 14
7 276 11
148 344 19
76 24 26
55 439 5
303 24 17
197 190 27
85 365 49
15 401 41
397 296 24
427 78 12
254 63 37
127 42 10
260 136 40
281 150 45
337 413 4
404 434 17
464 119 30
147 402 43
96 230 13
70 405 48
414 143 50
21 419 43
276 38 47
178 239 22
136 365 27
140 22 23
448 118 23
162 329 13
328 233 4
98 78 48
62 239 35
75 417 38
438 154 2
350 267 27
324 25 48
342 68 29
58 427 6
252 47 9
302 241 19
27 395 49
428 116 46
455 258 38
350 194 9
432 451 46
113 114 41
321 269 49
342 331 40
173 8 23
66 269 2
443 195 2
351 146 9
338 86 18
154 79 5
231 427 27
215 120 33
274 10 11
162 387 45
210 235 7
191 84 1
414 142 3
462 156 30
45 229 7
272 141 26
111 134 43
299 395 25
113 144 33
93 253 49
259 36 18
367 389 46
286 99 41
121 378 42
51 93 18
175 116 43
403 90 6
385 400 50
233 144 19
394 181 7
449 4 21
209 164 33
451 289 22
5 39 48
134 231 48
459 140 4
116 224 41
7 189 22
265 206 29
77 339 47
36 25 47
247 133 36
422 450 48
426 372 6
63 298 29
171 418 20
380 368 27
377 302 50
198 224 9
414 361 14
71 391 50
196 151 37
448 217 31
114 47 48
211 286 12
273 199 12
251 393 19
10 380 10
156 7 19
456 176 16
241 261 44
285 148 3
453 401 13
110 406 47
76 309 4
350 290 6
405 385 5
92 395 33
147 453 9
4 418 15
58 24 7
58 409 29
324 94 6
287 24 22
309 140 27
281 441 13
392 118 22
436 378 19
223 144 47
183 438 48
373 402 15
163 415 48
380 226 42
24 31 28
238 46 9
363 221 20
229 412 10
310 311 36
299 148 34
120 100 29
140 303 6
352 125 43
209 22 26
311 421 29
413 393 40
449 303 29
30 129 35
196 87 42
440 437 24
417 343 2
257 443 41
138 237 30
422 231 46
397 419 4
250 186 7
259 256 45
322 19 16
178 145 36
434 208 2
58 117 8
455 14 27
243 262 48
12 32 42
446 450 46
264 5 50
265 115 2
418 288 6
392 272 40
224 8 11
463 357 23
6 126 10
178 354 35
219 312 25
452 393 9
42 464 15
460 430 40
411 42 13
66 312 26
301 108 32
267 39 15
459 81 10
368 391 14
96 49 2
281 115 12
278 312 43
191 66 27
335 71 48
102 323 17
333 134 20
180 80 44
454 327 38
78 399 39
308 199 16
406 385 46
196 80 17
234 267 28
246 304 49
229 4 34
223 447 9
130 374 7
170 423 9
432 438 19
299 420 40
158 149 37
452 285 19
219 356 11
200 169 8
11 299 23
93 256 31
466 406 1
318 446 23
134 406 34
142 35 41
135 277 38
103 287 13
220 403 13
44 83 31
33 342 7
424 161 44
74 265 18
365 343 23
153 344 33
131 431 33
433 226 6
165 139 8
350 94 39
311 279 49
458 251 41
366 77 15
24 443 46
242 128 1
205 387 31
388 370 7
276 170 35
452 94 41
26 251 31
290 57 2
428 147 41
240 457 32
28 417 47
244 380 25
178 2 48
125 98 44
113 230 44
203 419 22
340 296 27
233 245 2
103 244 2
206 62 37
45 443 22
249 50 35
67 351 20
419 208 32
401 314 26
120 99 11
427 84 32
319 151 49
408 130 50
312 390 50
129 440 36
444 110 46
296 359 26
446 464 6
99 315 37
287 21 48
48 234 39
249 386 44
126 99 23
246 138 4
127 163 4
23 412 19
126 241 1
398 272 28
423 329 5
326 407 5
384 3 18
262 378 15
301 30 22
195 77 42
398 375 28
383 373 31
4 217 6
329 339 9
289 302 16
80 5 35
207 234 48
96 40 49
102 72 26
42 251 37
155 240 14
355 424 28
228 313 38
146 197 15
385 81 16
75 374 18
340 158 34
426 202 37
194 355 40
218 204 3
275 171 26
245 433 2
258 139 4
124 71 25
156 373 50
209 123 47
308 376 46
423 127 29
201 91 35
393 113 36
451 278 26
220 51 26
394 408 45
241 63 4
79 253 11
252 231 19
99 241 37
246 233 9
9 206 10
108 49 15
60 164 19
39 307 47
287 34 21
212 360 22
338 81 19
292 64 26
196 258 3
407 422 9
116 289 22
7 189 38
39 146 38
338 90 36
452 20 1
383 193 3
458 114 13
41 318 47
125 261 33
236 155 10
391 459 19
57 85 41
25 389 13
389 320 23
20 14 43
151 49 28
445 408 18
312 328 37
56 356 22
68 274 9
236 73 45
438 199 20
452 299 5
355 64 37
338 258 35
359 278 13
18 404 27
108 194 9
242 255 5
51 104 49
298 223 16
48 287 46
261 323 44
49 291 44
149 260 15
390 125 41
142 378 1
224 309 35
372 127 30
219 25 11
78 463 37
147 357 15
367 211 5
166 377 1
301 353 16
401 273 33
392 69 16
157 118 19
287 47 20
289 115 29
164 74 46
438 275 16
389 73 21
93 60 8
249 19 1
171 200 17
384 261 36
294 64 48
284 173 14
52 460 37
396 436 12
408 299 22
56 461 31
341 168 21
5 43 32
367 304 21
165 197 24
452 391 25
77 376 25
371 179 29
241 376 27
256 204 3
332 20 21
369 155 24
118 316 3
81 420 45
54 200 16
290 69 34
451 287 24
333 287 12
136 401 17
173 388 49
171 362 39
425 250 25
448 59 2
305 267 46
328 79 6
60 428 35
3 138 44
221 233 49
194 29 16
359 419 23
324 294 6
86 153 11
408 380 41
435 204 10
198 93 36
159 93 22
239 37 34
218 255 41
96 21 2
85 270 36
216 411 6
264 82 44
452 106 19
23 34 42
81 283 44
416 463 25
82 456 23
282 24 12
91 76 48
447 380 9
188 386 25
316 32 44
269 188 39
100 87 16
230 190 48
277 412 19
31 461 24
226 459 35
88 371 13
262 327 37
17 81 21
396 213 3
32 172 10
296 467 48
365 202 2
71 251 38
276 11 31
113 242 16
143 35 17
294 325 34
51 304 11
357 116 46
353 347 8
23 348 16
11 13 46
185 72 17
448 208 6
5 31 33
183 261 5
23 292 41
317 65 31
404 382 7
305 258 29
132 129 26
284 385 42
398 22 21
142 300 41
328 311 5
47 246 28
333 277 7
373 164 43
464 17 12
49 15 14
393 80 5
21 324 31
11 367 36
360 172 13
65 462 6
297 79 16
222 137 5
332 81 25
336 332 31
8 150 14
460 358 14
158 262 18
429 315 30
22 278 35
254 98 5
43 57 13
84 292 1
343 218 25
97 124 18
463 350 13
10 405 14
21 420 35
4 433 21
179 424 6
192 434 43
90 192 38
135 149 28
135 40 34
35 108 15
40 14 21
115 60 18
84 123 47
338 250 20
358 229 21
139 464 26
152 231 44
142 467 10
131 337 23
235 152 33
445 127 9
430 77 32
114 387 43
239 418 24
236 293 3
393 73 40
426 170 12
90 74 45
237 429 15
46 380 21
286 85 23
161 36 2
429 86 31
467 174 27
47 101 15
271 26 25
370 91 29
202 32 42
144 46 19
259 197 29
177 413 37
357 116 23
93 336 2
320 431 11
45 197 31
351 389 6
13 62 41
356 292 41
327 186 9
268 184 36
170 386 49
340 117 41
258 58 1
466 63 16
228 322 6
312 109 20
292 96 23
355 298 39
430 342 13
170 300 44
229 314 17
444 81 22
463 86 4
50 444 15
148 13 22
89 21 35
45 210 16
370 97 46
146 44 10
54 257 27
372 286 28
272 77 38
313 219 29
106 191 16
338 126 48
405 47 34
227 24 44
210 313 5
426 343 10
153 319 2
388 282 27
4 101 44
54 103 36
230 265 24
224 110 40
160 170 35
92 297 7
315 448 49
233 438 45
423 1 19
91 239 15
442 116 5
358 171 49
395 139 1
361 356 38
421 155 44
223 309 8
333 432 9
69 66 27
247 397 23
220 159 32
392 319 41
150 179 40
296 164 40
401 64 23
73 21 42
40 44 24
205 327 11
301 121 26
45 101 36
401 217 8
197 5 14
361 25 11
250 297 47
301 286 7
323 444 14
443 386 27
413 426 30
144 389 33
425 132 13
89 59 49
183 267 21
231 372 17
357 128 35
115 271 40
34 436 23
326 320 10
437 123 15
387 426 44
247 301 47
363 322 33
401 433 41
27 40 42
136 357 17
151 46 4
203 136 46
287 9 32
241 277 37
19 86 44
4 105 46
138 350 31
348 142 33
298 250 44
130 355 4
13 357 3
144 333 3
99 170 26
202 143 6
149 434 19
426 445 34
301 7 41
214 443 42
309 451 29
249 209 25
301 201 25
402 454 5
40 188 1
272 179 43
264 430 41
419 312 19
449 428 1
432 145 33
378 193 35
134 30 7
448 272 37
168 19 46
343 160 42
100 224 22
135 319 10
330 433 44
46 314 27
161 375 32
48 83 10
458 398 24
467 76 40
255 23 20
151 295 49
346 127 26
377 295 50
41 314 50
450 153 4
387 300 43
7 294 21
29 58 1
447 65 46
220 85 15
20 246 41
158 454 7
126 319 38
104 170 30
440 401 35
355 222 43
335 111 19
330 415 43
258 197 3
443 382 22
349 20 30
47 336 39
226 282 31
354 198 8
346 413 1
2 227 7
205 223 30
160 343 30
244 102 38
369 194 15
198 458 25
332 374 35
397 251 22
167 465 23
31 193 29
435 157 32
9 156 23
89 54 30
398 349 5
217 297 36
344 63 2
142 156 30
251 404 44
449 321 38
327 359 40
382 467 48
215 151 9
132 5 15
451 456 30
265 462 28
235 165 34
2 464 31
389 452 6
297 5 7
182 1 2
365 385 49
129 448 43
94 150 12
296 228 4
442 35 14
317 291 2
85 399 46
235 44 42
448 421 3
27 68 49
351 399 5
311 147 46
272 450 1
318 408 5
247 379 35
103 389 12
23 234 48
121 289 32
12 354 4
103 110 20
192 313 13
344 360 47
147 118 29
103 431 30
126 458 49
328 348 40
9 34 49
239 466 25
332 315 26
289 380 1
414 117 12
6 196 7
224 13 35
379 256 19
399 5 10
448 9 31
298 214 50
117 158 10
181 449 12
83 157 39
46 301 20
246 395 8
429 93 50
438 332 32
214 77 18
448 422 22
386 358 41
261 366 10
351 88 20
450 120 2
338 327 16
44 87 34
125 233 5
92 420 24
227 246 12
298 74 15
419 416 43
17 241 28
276 317 25
120 29 42
271 59 41
324 256 50
426 172 22
294 92 14
32 438 43
123 121 7
442 319 3
414 416 34
346 96 26
375 327 26
350 465 31
186 167 47
124 232 23
39 412 25
421 217 40
128 40 45
186 146 46
461 127 11
402 256 23
434 4 27
164 90 29
354 100 42
332 297 7
255 320 41
405 228 15
346 312 34
92 430 50
320 405 19
8 225 8
324 411 37
307 395 14
308 207 30
223 369 39
147 288 35
326 12 36
285 286 16
191 190 21
346 13 18
55 175 18
300 121 36
126 53 49
108 229 9
190 413 50
109 390 18
226 404 41
133 406 24
31 258 13
463 405 45
155 120 38
193 401 40
395 133 6
327 411 11
270 171 25
340 462 42
51 252 19
225 170 40
65 274 38
203 437 4
430 254 30
193 173 30
72 370 25
334 357 41
443 206 29
278 53 37
221 40 9
145 246 6
148 145 8
2 79 40
331 445 12
185 250 30
241 390 4
352 190 31
456 12 30
400 277 34
203 148 49
224 412 32
256 346 27
387 152 40
200 330 25
238 325 47
410 453 10
196 107 17
24 14 46
176 82 40
337 421 40
7 314 31
150 434 29
408 399 30
243 265 1
197 177 24
242 156 12
288 238 7
468 300 3
186 54 31
195 22 38
430 347 4
279 452 29
307 115 4
324 232 37
441 18 14
297 286 37
285 387 4
294 292 49
414 102 45
52 35 13
352 55 10
119 191 29
268 450 48
96 442 24
196 234 48
64 21 8
263 208 9
343 3 49
217 442 50
374 254 10
141 98 32
121 29 39
362 279 48
450 187 25
341 355 35
231 225 32
256 236 13
11 80 34
42 99 33
240 456 9
161 7 33
63 68 24
331 164 20
226 266 37
195 145 31
90 235 43
132 250 13
13 271 37
294 278 8
336 367 14
215 309 34
380 1 38
396 249 42
216 248 46
325 337 4
322 345 41
244 347 28
145 58 36
267 105 5
273 199 15
278 129 33
450 294 13
31 412 41
458 340 35
360 463 49
165 37 43
229 438 20
349 436 25
174 76 43
49 367 39
219 393 46
424 348 10
361 98 41
451 329 30
185 266 43
276 121 35
129 275 19
264 57 47
468 292 45
119 386 34
239 296 42
252 427 43
322 382 29
250 183 20
358 315 24
168 326 49
266 264 25
124 184 5
162 1 35
394 287 23
416 431 37
395 146 1
273 312 38
451 47 16
252 343 46
142 464 5
209 387 8
13 320 36
2 229 10
218 225 23
441 166 19
307 232 35
21 65 39
129 12 13
466 125 22
140 335 2
459 95 15
207 410 23
413 301 27
33 208 6
128 375 12
426 250 33
46 464 40
231 208 46
200 120 15
384 178 8
449 160 49
237 461 35
274 250 6
342 169 6
279 50 28
367 36 3
124 283 30
194 458 15
114 72 7
357 352 44
378 155 49
124 204 49
139 427 44
387 120 43
305 346 47
452 2 22
96 156 32
107 197 1
105 391 24
451 23 10
74 450 42
56 237 15
192 249 31
402 10 20
150 133 16
428 92 48
417 1 38
273 43 34
77 212 34
413 167 25
466 64 21
119 171 14
227 38 40
165 398 20
298 123 6
171 85 7
251 340 3
288 202 12
315 255 44
372 341 14
60 368 42
245 62 20
344 255 37
345 235 25
135 284 37
112 443 10
457 259 28
273 164 9
181 336 45
363 396 35
423 224 28
38 4 9
261 156 16
51 38 40
443 457 41
25 320 34
61 114 41
163 123 46
352 414 47
263 61 11
309 128 20
328 100 20
317 4 3
115 35 15
359 107 48
124 165 8
48 111 12
145 97 26
43 232 17
466 369 6
126 328 32
229 145 48
129 53 10
70 430 8
230 9 25
227 104 46
215 391 17
322 137 6
294 458 17
191 36 34
403 404 22
432 344 24
444 167 41
4 310 39
115 421 10
143 84 29
107 95 1
174 418 42
451 179 13
108 353 31
274 302 31
342 338 1
442 371 41
197 276 39
173 287 49
421 138 48
197 281 10
374 267 49
14 25 46
325 393 20
167 397 7
237 377 30
398 458 35
107 194 27
39 234 45
391 61 43
407 285 30
331 290 38
291 133 9
196 303 39
58 295 10
375 268 50
132 294 14
349 201 39
82 276 46
288 361 47
272 446 3
317 67 4
10 358 11
194 187 7
395 324 37
79 391 21
386 432 13
39 453 4
414 177 10
378 377 18
151 316 5
280 300 35
280 191 40
220 182 39
453 302 13
272 337 17
430 24 33
454 436 46
344 145 42
192 254 12
446 311 27
85 48 40
447 79 19
140 282 2
241 449 2
248 153 29
198 39 50
410 42 34
330 252 5
341 24 19
148 61 5
43 190 37
343 53 4
290 407 24
355 123 33
394 279 12
21 245 38
19 254 31
126 340 40
180 371 8
183 23 16
45 42 38
266 160 46
130 297 10
321 312 1
170 396 42
460 196 28
17 214 12
421 458 23
401 101 43
346 408 15
455 39 49
110 121 33
58 154 15
129 47 37
460 141 8
323 410 11
445 167 29
182 245 10
82 96 5
411 91 50
134 170 40
129 362 43
193 243 33
293 271 48
118 263 8
160 10 36
103 461 22
228 311 24
428 395 34
181 74 12
221 6 45
405 352 24
406 5 29
330 293 36
393 87 5
218 355 48
312 366 48
308 190 9
136 171 20
51 140 18
232 192 40
407 347 24
454 116 46
227 141 2
8 211 2
397 151 3
409 274 12
77 266 24
93 450 49
433 165 32
338 65 40
184 379 22
392 62 34
338 61 23
188 332 11
382 321 3
449 380 35
434 28 28
384 356 11
140 259 21
331 383 31
355 297 35
300 41 14
41 263 20
150 290 2
181 132 31
227 394 35
129 450 23
293 49 37
393 251 2
194 70 46
276 202 24
385 427 21
229 425 49
145 184 28
46 375 23
283 133 9
265 400 31
104 288 40
464 134 6
116 57 33
248 47 24
149 408 31
349 118 47
89 293 26
22 231 9
396 391 45
110 207 44
190 210 21
327 403 1
237 381 15
92 216 6
300 381 1
309 391 24
298 268 25
144 417 27
393 312 37
6 194 22
196 63 37
157 162 5
219 422 29
319 318 44
415 89 35
110 47 45
55 425 21
4 432 48
101 358 32
188 396 34
458 344 24
195 360 23
268 417 26
91 266 50
161 248 33
414 262 38
259 232 21
81 173 12
68 452 32
243 2 22
368 465 28
150 378 3
50 224 36
215 23 35
171 377 24
241 454 8
304 177 33
462 408 42
66 199 41
464 316 47
448 119 42
185 359 35
98 111 49
386 444 13
442 300 5
3 460 6
409 394 18
356 200 34
69 411 3
23 370 1
30 74 50
342 136 24
402 142 30
93 436 26
185 387 34
83 249 50
322 80 26
54 55 15
49 260 17
314 383 39
306 1 27
82 423 11
237 238 10
217 303 50
410 243 46
110 57 48
454 168 48
175 213 6
149 468 22
348 292 33
87 366 9
455 436 9
327 220 16
286 370 17
378 124 46
325 356 31
428 293 33
442 281 7
229 58 27
36 193 31
42 281 7
411 254 33
367 47 36
5 185 34
118 327 24
70 86 8
327 49 17
128 386 13
329 452 5
12 296 18
215 300 3
398 275 6
369 419 34
375 160 48
41 236 25
207 372 21
197 271 28
189 89 30
355 57 30
310 429 30
67 180 5
235 244 17
151 366 14
101 239 20
334 132 38
61 32 27
165 106 38
447 339 40
99 340 22
430 402 17
189 5 46
310 22 28
204 158 4
385 392 30
359 192 2
435 418 50
319 187 15
177 289 17
3 186 2
194 357 49
313 187 42
222 113 30
60 116 28
80 162 23
278 208 7
402 320 41
358 427 39
157 194 3
274 247 2
423 326 20
213 153 41
461 352 46
159 468 10
355 339 12
229 285 15
445 120 41
89 227 9
393 41 49
98 421 11
362 284 15
17 424 8
418 61 6
298 394 23
334 137 20
167 45 11
399 385 9
237 245 50
161 269 31
455 111 10
360 170 31
63 215 42
142 183 14
375 319 25
112 408 27
49 26 35
425 316 47
11 226 6
383 44 2
256 188 34
457 236 15
462 61 43
154 335 41
47 204 14
426 116 38
74 13 25
265 215 7
125 402 21
255 405 30
137 157 39
277 299 25
455 273 21
222 340 13
82 462 41
223 1 22
272 463 37
59 16 15
271 100 10
117 227 36
146 37 5
227 93 4
281 219 2
297 210 4
386 253 26
283 148 23
96 352 46
43 185 23
115 137 43
24 187 22
385 68 46
378 250 8
307 94 15
136 254 19
159 411 46
14 296 49
105 281 11
275 85 21
459 360 12
154 16 23
220 64 7
92 198 27
137 322 3
304 80 36
380 120 39
197 237 34
29 6 32
34 91 29
243 150 10
243 440 17
166 392 49
97 122 15
268 89 27
148 397 38
309 358 45
224 87 23
391 156 34
10 134 33
416 429 46
158 317 10
397 372 34
425 422 27
193 404 42
401 148 31
109 390 39
439 359 15
51 101 37
71 321 37
358 122 16
80 373 8
286 354 50
417 90 48
396 357 48
382 280 21
69 7 35
73 366 35
144 92 16
467 214 29
368 64 6
301 96 44
132 324 1
137 264 32
278 97 33
75 247 28
389 361 41
166 120 47
397 420 31
452 274 19
151 327 13
3 172 14
219 402 50
163 199 37
97 147 20
184 1 18
137 80 35
132 267 21
86 271 20
57 388 20
63 153 12
432 405 27
444 217 36
363 193 24
394 33 37
156 257 38
329 398 44
403 335 35
164 402 42
59 243 36
224 446 19
359 15 41
300 187 12
83 114 43
21 440 22
177 234 36
49 130 29
352 239 31
147 39 14
205 319 4
302 207 10
454 315 43
285 448 37
145 350 34
48 154 44
101 16 5
313 209 22
346 187 27
96 75 24
73 87 38
212 275 15
224 338 9
468 265 40
2 322 34
363 195 17
64 291 26
265 190 32
236 35 14
137 107 8
112 118 32
34 330 14
56 82 27
371 118 37
302 381 10
2 10 15
419 85 38
104 186 50
270 304 22
246 272 20
402 451 2
117 411 49
450 351 42
149 56 50
147 220 39
346 443 13
260 304 40
306 124 4
385 351 47
102 1 49
313 371 35
75 298 15
448 248 14
124 331 36
150 360 1
318 225 24
143 173 43
19 463 36
133 160 10
247 18 3
59 362 23
160 36 21
110 440 10
389 224 32
358 337 9
449 392 27
323 195 43
435 154 26
198 207 31
81 198 21
11 173 14
283 451 20
102 423 35
37 127 12
344 232 4
194 87 33
142 69 31
322 281 28
60 21 6
466 163 38
144 343 1
462 366 49
276 253 4
277 190 17
146 246 33
105 45 46
414 306 22
231 108 31
29 105 10
435 382 12
261 278 11
292 159 17
360 201 39
467 58 18
75 107 25
189 101 27
84 383 48
436 33 26
289 41 25
83 310 17
93 287 48
23 216 31
5 108 17
378 92 10
104 99 35
94 72 45
413 180 34
162 252 16
158 301 1
264 87 10
368 45 5
11 379 35
332 111 48
23 60 49
174 21 47
75 110 43
454 330 50
237 231 44
168 274 44
334 388 6
445 167 37
396 183 50
259 163 37
422 441 12
140 313 33
338 231 12
72 98 1
334 167 21
338 129 41
202 360 4
426 439 10
355 23 16
458 267 25
74 456 21
72 391 17
315 19 36
395 222 44
295 248 2
155 309 35
58 256 29
457 272 4
109 7 25
442 49 19
431 38 20
59 109 27
237 146 48
447 301 41
323 114 49
24 237 43
460 34 50
386 123 26
16 328 15
384 135 30
141 77 4
273 197 28
386 216 11
255 15 16
192 291 33
94 202 31
273 428 1
261 214 34
299 341 11
463 378 38
133 421 9
379 261 8
47 208 23
425 241 41
35 94 40
226 11 47
244 431 2
109 141 44
292 330 11
55 277 4
175 10 7
33 347 25
190 149 20
280 451 40
243 149 9
223 229 37
303 91 39
185 71 39
63 328 45
53 185 44
30 379 44
282 447 12
284 132 11
363 120 28
189 273 28
154 145 8
382 410 29
327 59 24
94 387 29
232 339 6
52 324 40
37 310 12
229 186 25
143 339 27
199 435 37
275 371 7
333 373 13
370 318 4
377 4 46
405 456 44
158 12 21
186 142 13
60 302 39
360 81 49
45 212 31
28 416 17
170 307 36
177 399 28
393 302 19
380 446 48
252 67 9
54 440 43
206 414 42
284 397 29
122 110 1
359 402 50
255 16 22
371 72 18
98 15 7
385 46 42
171 73 18
256 446 6
232 163 6
370 130 23
66 68 25
340 149 32
326 86 36
17 385 3
191 321 45
314 276 5
461 262 39
290 379 50
139 333 37
463 192 11
100 250 36
266 425 48
143 24 24
440 56 48
359 403 35
58 79 33
340 106 43
310 402 35
223 211 30
249 433 4
323 355 24
97 444 37
271 395 29
46 382 38
261 33 47
136 172 10
468 330 18
430 291 12
402 184 27
325 338 36
115 276 27
102 308 41
410 394 13
442 261 23
327 424 17
363 443 23
242 284 49
239 374 3
457 114 14
57 182 24
133 376 7
314 93 38
465 243 27
451 237 41
96 334 50
399 24 23
84 299 16
406 137 50
140 271 44
63 174 21
157 54 15
386 147 13
200 237 44
46 219 27
175 408 48
235 399 40
418 263 13
152 173 11
217 245 43
280 360 46
369 427 15
189 249 45
44 334 20
174 383 3
460 143 34
132 270 46
11 99 30
176 467 4
365 221 25
248 185 18
236 442 41
43 52 42
276 329 1
45 50 27
408 381 27
130 377 9
214 162 7
271 315 30
229 246 12
302 152 37
239 257 13
155 225 7
54 33 16
306 269 29
347 110 17
438 253 46
443 240 3
361 160 22
342 440 19
270 399 9
387 278 18
132 203 24
35 436 10
4 74 23
337 170 3
290 138 6
418 69 13
454 182 4
459 156 19
28 93 30
365 216 50
205 364 18
354 291 43
440 324 7
415 55 31
116 128 36
208 186 37
30 363 42
82 113 30
395 142 31
66 125 34
309 7 25
52 427 30
393 305 1
176 138 18
52 105 21
243 268 38
301 113 4
285 242 38
102 147 9
75 116 12
269 247 22
171 82 18
143 332 10
214 220 12
250 133 49
325 336 16
421 278 11
337 296 40
94 29 10
53 311 6
358 115 14
271 369 42
462 67 19
399 140 6
218 30 9
64 267 9
343 353 15
360 152 28
289 178 19
352 465 34
109 84 3
317 128 45
287 365 50
198 211 11
426 444 11
357 398 39
324 310 10
408 73 42
298 130 50
248 43 41
372 32 9
152 86 26
67 144 11
295 103 21
72 307 38
196 98 3
79 410 21
1 150 17
350 42 13
456 162 42
396 218 21
202 411 50
415 8 2
205 446 16
404 156 31
340 170 36
196 49 41
10 288 19
207 202 38
195 332 45
373 212 48
198 443 48
354 96 48
262 317 5
265 81 38
455 18 47
10 220 50
181 310 48
223 444 49
317 414 21
368 200 3
417 443 16
281 329 20
277 346 15
462 45 42
421 179 5
381 54 46
317 405 49
211 218 34
68 328 35
219 20 32
423 128 11
136 322 35
227 457 46
67 73 42
312 361 6
264 308 11
314 118 27
374 62 5
85 257 47
255 195 7
422 413 22
59 371 20
115 45 5
240 459 17
350 89 16
8 180 10
255 286 8
436 48 32
105 237 48
445 401 19
139 71 28
8 5 32
38 139 23
88 390 9
369 209 1
40 203 2
25 248 5
29 396 45
138 311 43
305 11 16
247 371 7
202 407 41
418 42 21
73 87 23
216 361 39
279 393 3
5 345 42
10 288 40
337 140 28
268 104 16
107 53 17
270 104 6
10 117 18
78 73 18
255 185 27
355 48 32
105 95 1
125 293 41
289 105 35
65 182 18
266 74 45
150 109 29
406 302 41
138 146 28
112 203 40
325 237 5
99 92 7
367 432 18
119 92 41
340 120 18
162 205 36
114 25 42
448 110 27
37 388 32
243 295 13
232 113 2
457 324 10
22 355 31
89 44 39
312 298 31
90 233 16
68 402 25
299 298 12
56 309 20
189 40 41
61 391 15
419 130 17
146 211 16
207 323 19
92 248 48
232 348 4
109 365 9
41 216 36
51 185 29
71 267 18
397 187 42
42 137 36
110 281 40
418 427 43
140 194 16
295 377 17
169 32 8
339 53 8
14 82 31
104 149 15
247 322 33
8 261 7
98 224 32
84 443 36
245 53 28
415 148 40
149 170 10
325 133 49
119 40 26
129 269 16
346 321 17
74 194 45
212 259 3
75 285 26
50 84 15
440 97 43
157 140 26
395 356 47
385 24 35
386 457 26
403 197 29
282 27 48
274 375 48
295 193 8
306 17 16
17 456 50
351 27 16
276 103 13
373 111 13
374 280 24
197 314 24
100 375 50
346 323 17
176 389 21
52 36 44
113 63 15
420 36 2
17 412 49
167 367 41
66 237 11
61 441 20
174 235 29
296 253 39
234 62 40
226 148 24
224 183 17
313 173 38
380 408 38
240 262 25
465 229 38
449 200 36
224 139 20
295 225 33
266 314 38
287 10 10
177 414 35
393 391 28
14 420 16
426 390 33
42 247 39
343 180 33
274 300 24
65 111 11
221 263 37
206 217 11
107 115 11
358 366 21
170 464 3
29 28 39
175 291 20
322 276 9
133 130 4
414 362 29
220 238 7
62 421 13
38 416 36
308 186 14
259 433 8
145 287 31
84 43 14
371 305 32
101 363 19
320 260 29
46 419 9
51 293 18
243 94 36
18 87 23
240 116 45
431 324 29
188 348 3
329 405 12
250 371 45
106 297 7
23 162 9
212 33 25
234 22 11
439 12 23
7 188 29
106 323 35
205 273 35
421 355 49
270 309 33
10 261 29
399 295 33
209 37 28
443 19 3
250 151 33
82 1 20
396 394 29
211 424 14
33 444 32
17 84 48
7 319 26
312 100 49
16 108 1
442 25 28
463 174 31
366 192 29
207 217 48
294 444 32
203 297 28
133 88 31
366 4 1
189 2 1
228 88 3
293 216 13
26 318 20
43 56 37
131 187 32
397 418 50
148 166 50
145 23 9
17 156 13
105 373 32
5 283 5
262 433 32
281 187 50
122 205 27
18 28 3
135 416 10
286 35 32
398 189 12
240 66 39
325 277 16
250 33 11
19 357 42
207 100 30
279 147 35
261 454 26
320 112 16
14 377 36
155 122 25
390 111 38
235 451 24
343 153 50
176 325 12
416 352 20
369 225 34
340 258 18
400 131 24
140 47 22
171 77 23
386 284 2
168 299 15
347 400 4
389 309 26
67 43 24
459 96 26
390 151 17
426 332 11
429 311 1
45 190 41
277 354 20
71 286 43
231 426 28
290 60 2
312 255 26
165 199 3
258 358 49
396 181 10
48 429 37
412 417 34
449 268 30
367 346 27
184 428 1
214 9 10
382 81 9
326 236 49
172 226 19
380 415 22
401 163 25
124 371 31
370 159 46
293 316 29
65 142 35
410 276 38
78 257 25
438 454 17
283 431 25
439 141 25
431 285 25
81 419 18
408 298 37
155 346 15
172 132 19
343 218 29
421 249 1
296 130 24
38 433 9
50 209 10
113 17 42
285 311 38
335 179 48
385 369 16
389 182 11
245 88 2
345 181 33
262 173 26
109 219 15
80 341 25
101 437 27
444 243 38
135 255 39
89 78 13
111 206 28
7 204 41
177 448 41
51 433 14
28 265 7
144 244 6
468 451 2
281 11 5
173 295 6
96 342 43
201 320 7
189 42 29
234 100 16
221 118 47
351 131 1
113 189 9
351 143 14
378 115 25
441 104 21
100 187 22
248 254 22
81 36 19
192 10 17
200 249 1
324 82 32
23 79 19
119 99 30
174 25 34
156 74 2
420 347 42
200 85 25
185 244 15
173 72 35
215 388 18
423 416 15
331 176 18
75 419 35
438 70 10
444 293 24
237 248 50
267 338 42
347 328 10
160 269 17
382 231 9
167 102 24
97 98 18
69 152 38
165 416 13
417 59 4
54 176 16
162 317 16
407 173 27
402 436 4
442 8 36
56 316 44
113 285 36
6 204 23
40 162 39
326 400 25
5 174 31
333 217 47
302 170 39
77 152 29
344 117 14
168 244 34
30 334 3
177 181 7
146 131 41
128 352 31
307 60 24
294 73 22
304 182 44
92 445 25
148 141 45
343 228 26
41 300 32
195 192 31
44 201 17
429 166 19
168 96 18
337 97 25
123 242 46
345 31 6
444 89 41
179 109 27
156 458 41
105 182 16
306 133 31
430 98 16
149 285 13
204 442 12
357 223 13
39 348 24
84 190 27
38 445 40
241 154 31
143 325 11
85 250 20
82 117 19
109 2 18
280 460 47
344 279 26
117 99 45
129 24 15
297 100 8
172 53 23
355 458 32
97 33 13
342 133 25
106 262 48
137 292 4
188 339 46
394 346 40
256 168 41
125 345 34
55 309 49
255 360 29
411 416 47
64 174 44
392 213 23
210 86 44
411 351 43
299 279 34
373 297 34
458 8 43
83 250 48
218 113 38
430 276 21
162 116 47
384 336 33
4 443 16
200 67 42
427 42 35
439 233 8
248 24 14
151 188 21
72 193 31
276 2 40
55 365 9
347 212 44
388 66 23
38 184 10
254 64 22
428 159 14
35 431 13
32 311 20
386 23 17
264 246 29
71 44 26
90 37 8
378 418 34
334 238 42
129 392 12
301 452 48
343 255 48
42 214 16
446 455 43
229 43 3
55 97 4
155 28 39
152 21 44
266 132 30
423 351 11
240 156 48
329 86 19
210 254 21
455 287 43
436 112 29
22 82 31
11 332 49
13 63 22
451 250 4
431 305 37
218 387 50
145 322 13
208 225 17
16 206 48
218 192 43
120 103 24
197 71 30
173 43 48
169 81 18
215 210 5
259 426 23
169 289 6
28 132 13
82 248 42
154 341 48
277 106 19
235 88 34
9 261 36
237 12 15
188 405 49
428 249 32
372 335 12
432 391 33
401 144 38
27 341 31
230 265 18
395 401 15
102 435 5
217 47 27
399 137 18
265 180 18
9 418 13
73 279 15
224 252 31
196 369 23
184 289 18
159 396 17
2 427 34
89 72 33
89 390 19
215 438 44
452 336 30
392 274 42
176 298 45
313 371 43
28 423 47
235 246 22
70 13 18
245 54 31
251 98 46
197 223 45
345 114 3
194 400 36
168 184 3
418 58 37
99 177 28
382 329 13
4 93 48
300 447 5
204 411 5
301 136 46
50 240 38
337 430 39
372 5 47
222 262 28
336 87 35
388 63 27
458 142 44
328 4 4
399 332 12
164 105 11
325 393 42
204 312 20
344 161 17
357 46 37
215 109 11
446 376 19
418 299 37
97 24 22
347 134 17
187 428 23
405 309 24
208 299 30
268 145 6
244 79 16
400 383 5
428 364 8
245 241 37
254 257 27
438 184 46
438 367 4
382 158 28
296 61 32
388 162 21
242 216 20
257 429 12
63 207 22
286 372 9
464 445 26
253 464 46
311 336 9
438 357 13
455 60 22
116 439 39
452 361 31
94 359 17
162 426 50
334 138 24
257 63 25
77 199 14
381 395 11
298 389 9
207 384 40
79 166 25
176 205 50
101 145 10
46 139 19
262 467 36
101 210 33
201 138 22
383 199 28
456 2 43
410 180 20
304 355 16
277 171 41
378 298 28
382 59 50
6 417 7
125 372 11
426 147 15
188 468 22
311 456 36
315 159 32
60 152 27
357 34 29
293 136 18
208 279 46
407 410 5
339 230 31
273 252 29
414 227 8
406 425 39
19 364 13
1 79 35
56 118 35
243 349 2
47 446 28
46 263 49
163 75 4
374 339 15
184 449 34
114 238 9
126 56 17
326 6 17
48 5 49
82 54 28
286 323 37
77 243 14
347 82 29
300 205 5
45 150 46
248 415 28
130 109 41
442 182 15
274 213 4
112 22 8
40 178 26
107 309 14
236 112 41
405 81 45
134 177 5
362 22 46
170 362 37
410 125 47
43 42 11
321 207 41
284 350 10
32 249 22
258 304 39
239 444 48
280 388 33
57 70 49
306 78 24
128 294 14
210 183 42
137 288 47
332 381 20
57 435 47
190 236 20
27 372 41
325 48 32
200 237 36
70 72 29
354 202 14
260 327 16
134 369 8
127 386 48
185 92 26
173 427 46
96 17 9
1 206 49
24 179 12
410 22 31
444 359 40
131 283 28
173 132 34
67 3 46
137 417 19
211 448 44
108 13 49
211 340 23
35 316 33
265 296 32
118 324 22
456 235 30
238 282 49
134 327 26
439 50 12
210 294 37
134 165 34
52 192 13
172 193 44
137 191 9
45 155 28
133 342 8
229 133 25
266 41 35
44 115 1
107 463 31
227 145 35
99 129 49
354 303 41
129 380 32
11 340 40
191 435 37
180 41 12
34 49 5
284 170 32
410 71 33
458 72 24
226 11 2
80 376 13
338 133 22
22 350 50
300 74 50
176 370 3
342 230 41
198 117 23
115 329 15
150 86 26
147 47 39
99 293 26
264 99 44
256 414 3
50 25 22
104 111 39
417 294 45
371 45 47
330 42 47
320 230 31
347 17 13
398 437 38
33 314 27
113 273 23
342 466 8
290 215 30
110 369 33
348 446 37
384 238 32
229 29 18
215 369 39
171 38 25
101 120 8
412 206 43
229 205 44
254 416 42
92 367 40
355 356 16
348 288 7
346 81 32
228 403 10
364 263 33
379 312 20
429 229 23
79 125 49
344 163 17
91 280 1
302 410 7
272 208 33
66 324 27
157 433 21
307 54 35
436 169 3
289 418 38
188 136 24
53 240 28
111 398 2
250 409 22
334 212 43
344 39 5
173 408 5
467 81 40
375 314 43
102 232 26
266 155 12
154 367 10
240 315 46
1 195 40
239 45 33
292 216 1
223 273 10
175 364 36
366 417 49
423 193 47
362 221 25
229 426 4
74 209 9
280 372 36
126 344 3
83 96 46
441 176 44
313 104 11
47 222 34
394 363 42
56 128 10
56 73 16
165 14 35
222 243 36
428 459 43
296 189 27
202 97 49
299 181 23
166 82 21
261 23 9
81 369 1
19 179 45
262 222 49
39 462 15
432 2 1
103 82 29
267 306 27
328 320 35
37 197 46
214 305 49
381 222 7
274 400 45
392 189 20
254 215 46
366 381 50
102 318 37
225 232 22
343 235 1
397 275 3
155 108 30
235 355 32
84 5 48
251 228 43
71 447 30
310 436 2
86 137 10
11 411 9
71 16 49
251 124 43
298 123 43
228 33 3
310 219 13
120 84 15
154 320 38
368 238 22
444 388 1
283 73 43
86 88 11
316 355 42
212 466 34
234 333 20
427 401 25
440 222 17
233 326 47
202 9 35
287 422 25
290 239 19
109 97 47
19 229 46
431 127 34
308 269 49
158 112 3
116 41 20
320 61 24
364 126 23
327 281 5
197 392 5
285 210 50
172 348 4
291 40 15
380 301 27
346 462 50
258 110 40
83 286 27
173 408 47
52 392 25
109 238 47
122 251 13
287 455 35
321 314 1
243 203 37
194 443 12
392 463 17
295 42 14
3 125 5
344 404 22
16 442 42
437 383 47
229 57 21
287 396 29
38 183 48
466 439 24
71 420 2
335 69 25
23 1 2
22 71 24
303 375 30
53 88 19
399 260 48
236 444 18
296 184 25
240 153 32
349 216 14
383 250 6
273 138 19
311 164 43
91 241 4
35 447 1
332 351 11
318 332 22
311 150 30
460 18 4
356 73 6
195 371 34
42 78 31
12 70 33
314 315 22
466 257 20
432 113 35
117 403 36
161 337 20
54 411 49
7 326 2
320 94 41
75 420 41
189 163 1
442 226 20
424 67 25
199 302 49
412 342 32
137 286 27
295 334 46
151 246 13
214 365 14
269 303 16
321 450 33
38 153 40
456 225 48
184 124 16
383 107 50
240 290 15
68 2 10
289 458 3
412 188 26
74 217 43
7 66 37
353 84 40
288 303 18
455 302 9
356 174 33
384 7 50
65 179 19
270 338 30
402 463 13
449 166 48
345 270 29
378 150 26
296 120 29
11 458 47
455 67 44
180 115 10
251 440 37
122 247 20
162 228 22
169 100 15
103 452 10
427 461 47
123 244 32
269 48 44
465 347 39
278 114 18
441 40 4
167 6 6
395 416 10
63 69 41
235 124 15
246 379 8
294 418 25
304 380 14
247 395 9
444 192 32
385 420 41
353 2 12
453 10 1
430 174 22
241 291 5
88 250 4
452 295 23
187 128 28
468 453 1
363 64 3
282 40 48
152 415 36
218 271 48
390 382 44
57 320 6
458 166 4
136 424 13
102 373 39
247 89 34
111 100 27
323 237 36
464 36 3
347 445 42
264 443 4
320 304 9
247 312 38
355 150 8
165 317 2
428 199 20
267 53 45
34 450 9
88 280 28
60 294 33
321 40 21
392 175 2
116 107 10
98 392 8
375 140 1
452 341 7
67 245 22
113 41 24
19 18 11
62 370 2
270 35 12
54 43 32
79 459 40
13 222 38
164 409 20
386 418 45
171 203 50
384 217 35
449 115 47
413 393 4
457 92 32
194 99 20
253 43 5
62 197 1
245 284 35
216 118 37
19 185 43
375 239 14
153 452 26
414 116 39
227 82 13
339 70 25
28 85 46
193 90 22
46 22 26
3 198 6
157 167 6
40 420 8
145 242 44
256 312 40
344 277 37
379 232 49
242 228 6
187 388 13
384 11 16
72 144 18
315 235 6
34 125 27
189 138 1
261 244 35
12 323 1
47 213 33
94 108 7
258 119 46
33 423 38
389 164 30
198 368 29
181 58 49
56 158 11
74 357 43
115 344 22
253 369 36
239 315 35
211 464 41
216 213 24
212 194 21
400 382 40
389 77 50
144 456 47
165 221 5
30 179 17
222 53 9
430 239 23
60 57 8
320 228 47
410 151 45
3 255 6
314 160 16
42 204 41
198 182 12
25 55 17
438 224 28
355 431 37
453 328 41
447 277 25
402 246 25
97 131 2
312 278 42
189 451 24
66 420 2
67 226 34
314 131 28
447 308 47
121 124 32
178 303 25
207 277 25
42 30 15
450 299 50
194 153 40
116 144 7
416 66 23
340 380 36
155 279 41
72 283 42
343 315 32
391 412 15
221 44 48
372 81 24
138 183 37
218 249 48
267 68 19
337 127 23
207 86 19
270 442 30
455 99 20
113 105 26
331 355 27
368 259 41
449 456 34
439 240 30
60 51 4
355 315 31
4 130 8
287 182 19
42 138 28
382 400 34
264 335 44
347 41 47
173 301 23
120 187 2
71 262 49
120 121 2
327 52 21
258 313 6
310 165 20
103 449 13
70 373 49
111 286 1
237 128 4
170 129 38
10 467 11
265 293 28
353 269 39
82 353 20
270 93 26
368 140 37
78 428 13
64 304 43
83 297 24
461 160 24
284 137 10
82 44 36
100 146 37
137 113 2
109 87 20
217 263 6
262 226 15
44 115 48
306 21 42
341 290 4
439 460 21
163 145 13
2 435 16
246 432 24
213 418 28
44 277 9
305 55 48
328 388 44
169 436 23
54 329 43
449 110 22
69 100 5
284 75 38
147 129 48
424 174 12
228 371 38
465 167 15
214 254 15
207 163 39
360 223 7
2 259 3
438 121 20
178 350 27
155 74 49
465 270 36
345 290 25
332 275 5
17 302 27
184 54 23
74 264 33
127 193 34
278 292 22
446 11 10
49 348 12
209 96 50
442 259 32
263 383 25
375 57 28
93 329 25
30 116 8
176 129 42
206 146 46
77 379 48
468 226 50
198 254 16
219 228 34
299 282 27
257 395 38
340 335 48
89 127 47
183 258 6
210 432 38
385 90 1
311 96 4
38 61 24
186 97 5
420 352 45
97 169 9
324 168 4
163 50 46
184 71 27
359 202 2
316 464 26
321 146 33
207 430 20
337 280 11
138 37 22
255 334 47
344 113 26
18 62 45
243 165 26
428 20 40
91 116 10
261 10 19
5 38 46
275 243 28
361 93 25
296 220 18
139 367 3
30 140 5
5 189 10
314 168 36
361 343 2
147 306 27
151 402 32
455 431 32
188 468 11
30 246 22
51 355 20
109 336 33
327 371 1
329 274 2
424 207 19
346 310 5
425 230 12
379 441 5
170 174 38
102 63 20
91 407 25
460 110 48
125 167 35
183 108 19
410 277 16
329 216 4
308 366 1
379 143 41
433 192 33
17 114 48
365 3 17
32 195 20
318 460 9
103 250 25
168 23 35
416 277 36
176 240 10
51 224 37
99 394 15
405 36 35
227 74 40
399 134 31
465 271 49
33 191 39
313 332 23
10 192 44
25 280 18
419 466 28
343 427 17
278 305 32
398 412 13
149 156 40
216 93 7
318 221 15
50 434 29
379 347 14
101 278 44
109 281 19
12 285 10
110 134 4
229 418 47
12 19 18
90 355 41
190 152 40
219 328 25
419 256 8
236 9 5
401 39 1
86 354 31
318 381 1
372 34 14
396 104 38
74 404 23
66 337 43
426 95 49
141 95 25
440 242 14
93 47 40
432 433 39
124 212 12
6 461 3
359 56 22
246 228 27
120 46 38
167 70 2
328 42 40
354 261 4
264 265 46
274 180 29
71 131 15
406 304 30
407 428 24
135 17 11
75 82 37
248 139 5
390 409 47
341 330 47
34 282 21
242 155 15
121 60 1
196 62 20
69 460 23
341 384 47
151 118 38
361 137 42
116 417 23
425 110 6
128 418 35
12 8 39
354 281 39
113 251 13
147 465 38
8 111 12
119 325 34
353 281 49
372 7 25
125 352 46
316 60 3
429 291 29
199 184 41
396 94 30
389 185 5
25 418 9
356 297 34
225 8 26
271 99 28
145 60 24
121 91 7
267 359 43
100 362 34
123 431 6
174 305 24
98 393 44
291 14 47
61 63 3
327 45 15
367 466 21
141 204 14
382 290 44
331 316 31
149 184 16
210 71 39
463 293 5
105 266 44
135 397 1
117 44 49
80 33 1
63 325 50
346 399 2
426 205 49
18 306 24
16 455 31
12 57 36
451 93 21
447 239 6
166 416 47
132 365 25
115 401 27
81 442 26
220 222 31
155 167 24
158 397 16
335 191 32
260 325 17
356 256 30
435 238 35
396 354 28
311 222 34
457 155 32
36 135 39
391 343 30
52 392 29
235 236 24
440 45 8
108 251 46
339 247 33
61 384 13
371 47 20
378 121 29
126 44 17
206 110 28
312 60 18
131 378 6
446 114 3
156 24 30
30 410 24
151 371 9
126 273 22
452 332 17
468 206 16
420 346 17
16 87 7
97 116 29
165 29 18
122 167 50
428 286 5
414 259 36
292 106 41
319 156 26
284 466 9
64 23 34
118 154 7
159 161 23
409 297 35
176 263 40
35 67 30
457 306 12
97 257 50
195 313 13
121 182 33
362 368 50
6 443 44
325 282 13
375 51 49
120 202 21
30 186 32
108 16 27
434 284 37
370 25 30
98 208 39
363 266 43
166 305 4
345 260 2
74 274 26
274 90 19
362 35 50
50 70 8
79 349 43
372 244 9
104 312 22
362 391 16
375 420 15
332 133 11
6 408 10
62 344 33
346 59 40
249 135 36
162 348 49
312 310 31
264 400 42
234 427 14
21 374 29
35 123 14
245 408 25
377 106 15
77 261 4
298 283 27
466 408 43
57 401 26
203 450 37
241 40 33
208 26 49
100 155 5
354 464 2
380 413 47
289 131 3
402 101 2
118 259 19
443 89 32
162 21 38
389 214 41
447 422 46
407 271 27
62 289 18
359 25 44
169 74 34
112 300 11
329 269 12
440 402 3
224 306 28
331 157 23
226 315 47
342 260 1
359 360 29
431 336 30
431 228 5
5 85 6
112 252 21
156 180 17
362 439 8
320 104 21
178 19 4
331 437 22
277 41 7
259 367 19
404 208 16
258 310 43
351 202 44
168 354 12
219 384 45
368 192 38
300 419 19
126 450 13
241 207 45
338 258 1
218 28 47
300 183 11
104 332 42
466 124 44
256 439 45
425 133 48
159 151 19
95 451 3
271 138 24
281 24 11
460 283 43
49 456 48
133 241 8
366 29 5
35 134 26
93 439 34
324 298 25
190 97 33
125 388 39
376 341 20
69 275 18
67 201 27
55 411 46
41 96 12
461 365 5
186 62 33
284 326 8
347 55 34
69 75 42
68 374 49
245 430 24
303 172 15
325 384 19
150 172 5
206 427 8
467 120 8
404 242 9
72 327 30
302 144 45
227 8 1
224 163 47
312 449 25
235 160 35
26 460 6
313 278 13
256 338 38
352 163 49
3 76 19
456 446 32
219 25 32
123 374 36
53 41 37
375 66 15
182 17 36
11 322 42
269 46 29
126 171 43
354 105 32
252 162 50
102 283 13
161 94 44
311 37 40
375 366 30
94 12 34
450 153 24
164 144 27
123 66 47
219 7 43
273 105 26
277 89 21
236 329 49
253 161 27
323 280 38
104 451 33
43 22 46
48 198 10
127 400 42
86 81 20
457 409 3
248 395 14
22 173 32
232 247 35
343 89 25
41 146 27
230 298 34
423 86 50
199 54 31
189 132 38
386 12 19
454 289 48
346 379 36
355 46 12
349 141 41
25 422 17
168 233 7
104 296 4
267 55 37
94 71 22
327 97 24
146 262 36
389 441 15
4 18 22
273 386 32
312 14 22
151 95 7
381 277 20
250 369 48
282 280 37
338 9 21
440 395 30
362 83 39
444 6 19
403 119 26
410 44 18
458 228 12
61 185 42
148 347 44
430 74 45
334 393 19
449 419 26
304 259 5
134 263 11
32 276 29
202 141 17
263 272 41
452 340 22
105 18 7
122 209 11
304 108 31
355 424 33
130 10 30
341 400 29
225 26 5
163 131 37
459 395 2
146 362 5
119 95 50
319 200 25
136 179 49
251 140 47
110 425 12
264 437 26
299 68 31
18 438 28
208 299 44
61 270 21
360 38 5
392 390 46
52 383 25
326 136 30
212 122 50
20 63 14
170 139 13
5 180 3
196 432 2
379 198 15
454 92 5
89 278 1
96 466 21
36 26 27
147 177 3
408 129 15
153 140 6
142 181 12
352 156 17
132 352 2
175 59 34
140 255 34
447 112 49
96 436 20
321 387 18
224 58 29
380 247 29
302 118 49
437 299 35
424 43 25
126 123 28
296 41 33
253 452 1
464 257 8
347 177 39
158 326 16
48 373 47
374 183 33
85 208 13
195 258 41
265 231 13
47 103 6
324 33 19
65 244 26
460 171 7
128 337 16
355 149 10
303 448 12
97 55 28
203 66 10
231 136 15
84 180 10
146 248 18
179 375 46
405 70 43
451 212 45
374 382 43
337 117 8
282 394 44
56 344 37
379 421 48
93 228 24
457 280 22
104 36 39
102 350 37
239 117 46
99 463 2
337 97 40
200 160 28
217 167 23
28 2 7
390 10 41
260 5 45
94 164 11
391 111 10
200 360 11
194 39 17
6 128 26
271 70 29
195 436 3
285 427 47
442 265 41
205 401 7
426 447 2
91 356 42
61 467 1
121 361 17
3 305 12
379 349 19
414 365 15
5 42 36
252 455 29
12 35 33
85 35 11
344 345 4
57 374 27
441 211 43
316 154 44
19 90 49
414 438 50
113 167 1
230 220 3
319 56 5
213 101 25
97 336 41
42 64 1
20 128 23
58 456 10
262 99 10
94 145 40
461 146 43
265 106 34
409 438 22
451 242 27
415 162 14
34 11 10
254 129 14
123 405 27
306 315 35
374 356 5
390 31 30
159 79 34
112 192 49
117 287 11
271 139 27
18 342 34
210 295 33
11 397 1
136 191 3
105 117 40
320 306 1
92 221 26
73 148 16
309 350 26
352 7 44
32 170 29
435 466 41
18 22 12
456 306 31
173 384 49
227 292 17
124 141 14
384 301 28
271 444 13
314 146 27
107 451 48
31 358 36
185 242 32
100 250 1
81 380 30
226 454 20
459 407 31
326 175 29
326 380 8
194 219 46
76 165 7
178 440 19
336 253 18
238 9 29
434 171 35
109 381 40
43 460 45
307 15 29
226 252 39
162 413 47
222 69 3
1 417 1
201 397 27
447 236 18
342 61 20
235 268 24
259 457 14
63 292 20
386 344 47
4 374 24
286 342 49
399 13 6
327 211 49
312 295 17
380 237 15
337 109 34
282 324 18
287 281 47
447 274 44
41 348 16
132 220 24
105 168 35
441 68 49
165 176 14
13 185 15
149 41 16
428 334 44
353 197 3
390 261 14
65 461 32
179 49 7
64 114 25
91 215 47
447 440 38
466 300 15
50 109 46
160 347 5
153 36 12
192 115 8
353 134 6
132 429 3
168 50 36
391 166 50
219 118 22
103 288 13
239 306 9
69 169 6
324 271 29
348 359 22
244 7 11
448 84 30
4 424 8
321 377 28
250 129 26
222 192 46
153 322 20
134 105 19
15 260 2
166 367 48
148 443 42
206 103 25
107 66 18
245 231 43
107 338 11
167 226 40
131 367 1
40 355 27
361 302 14
394 404 3
273 71 11
221 299 46
75 102 23
207 418 39
278 127 18
100 463 42
97 32 42
252 218 42
285 339 31
459 47 5
287 288 3
407 136 11
149 24 1
276 42 20
408 282 26
389 401 1
402 323 39
363 318 11
316 363 31
18 421 1
350 293 50
460 314 31
300 34 39
209 372 7
36 197 44
23 423 4
116 189 47
170 151 32
65 409 33
449 194 18
45 327 49
452 150 8
210 150 26
326 202 8
225 306 23
440 191 9
389 375 13
271 113 6
453 93 23
165 44 31
130 8 5
302 296 25
362 83 18
335 379 26
55 15 48
106 252 10
37 38 21
235 266 50
162 258 33
314 48 49
231 252 29
121 176 38
91 26 25
387 367 10
398 430 45
163 207 26
175 297 43
270 164 10
417 405 21
133 318 2
300 428 18
247 15 40
119 254 15
40 196 43
244 394 17
438 20 17
365 98 30
248 317 36
439 206 20
317 430 11
458 118 15
76 328 1
290 20 25
421 1 36
139 377 25
136 302 30
348 437 32
299 359 39
438 281 34
9 382 18
8 174 47
433 203 19
102 384 42
273 25 17
244 293 41
264 244 35
162 187 20
447 72 16
229 389 44
279 321 27
427 341 40
92 278 25
283 13 3
13 354 36
114 307 28
36 244 12
9 443 10
378 48 24
380 71 38
334 136 48
180 208 41
288 329 45
432 306 11
260 244 26
228 254 23
319 354 28
184 136 34
308 440 1
389 393 10
362 390 44
256 399 44
142 299 41
264 462 46
159 430 25
110 238 2
416 194 30
161 183 17
271 49 20
410 87 24
164 128 26
305 264 10
358 276 43
224 311 20
335 160 12
166 437 4
194 170 16
220 323 26
442 156 5
411 54 35
186 279 12
63 17 40
278 412 46
432 51 23
86 337 43
202 212 26
131 159 3
376 263 39
319 120 24
297 43 46
446 207 45
200 395 32
44 378 33
213 131 3
416 115 43
40 174 12
99 259 15
17 27 24
396 1 26
30 286 41
12 198 27
2 361 22
332 447 46
110 173 13
367 20 20
381 210 48
410 358 38
445 321 37
33 77 29
110 465 24
226 340 40
371 23 44
274 233 45
253 243 7
119 378 15
275 129 46
297 236 47
403 409 35
271 413 14
201 71 14
200 183 40
77 455 28
196 457 16
14 414 34
43 433 36
441 267 9
167 387 32
244 204 9
465 353 26
454 183 30
98 57 27
461 219 36
88 188 6
230 202 36
189 180 37
370 65 48
306 355 38
247 354 4
53 225 1
25 380 49
349 402 11
460 163 8
356 29 41
116 272 7
252 328 34
290 35 50
452 299 5
183 46 9
313 366 29
377 395 16
409 167 15
9 117 41
59 53 43
233 149 4
62 378 5
30 20 45
51 437 8
49 191 35
106 62 44
274 195 10
71 306 5
107 155 7
262 244 16
288 155 49
22 286 17
270 120 49
185 9 6
184 42 20
80 36 29
133 382 6
115 427 24
188 431 42
94 119 36
43 125 28
205 332 26
356 57 29
358 176 21
72 322 32
104 352 16
105 292 15
205 115 23
385 362 11
333 279 22
113 158 46
214 17 30
157 300 32
399 437 14
284 275 6
368 38 38
208 40 22
20 301 31
459 451 27
34 225 41
146 378 50
143 202 19
229 19 32
439 323 40
416 126 48
311 378 44
285 336 50
160 339 8
292 359 46
204 459 19
91 450 29
213 348 37
106 459 30
20 161 1
85 222 19
310 190 22
333 164 46
425 369 15
107 449 1
171 217 16
207 12 48
347 396 46
102 303 37
464 228 16
104 264 24
51 251 14
258 165 14
155 288 49
437 342 5
53 386 1
467 102 28
126 435 31
9 339 28
83 196 14
263 188 31
3 138 29
307 437 5
332 275 46
430 308 50
403 432 4
367 332 3
98 349 42
211 461 36
294 226 48
175 336 41
47 81 19
68 173 47
335 24 23
116 461 3
275 12 8
231 199 41
189 312 16
219 126 13
334 97 9
165 375 26
1 77 42
89 429 27
76 237 10
232 356 26
42 437 9
126 85 31
225 123 47
42 125 4
396 13 29
173 184 10
387 75 40
227 401 36
173 434 7
148 277 36
81 462 6
171 126 4
250 437 7
112 309 19
9 147 14
313 358 28
425 206 38
264 200 30
103 313 27
141 168 28
169 206 11
410 46 28
33 226 34
369 218 24
96 397 17
268 104 39
238 231 37
295 296 12
111 174 22
90 316 13
352 411 42
323 381 21
5 298 32
319 111 24
416 190 18
146 39 16
215 419 9
105 88 42
36 466 24
100 47 34
70 201 16
170 112 46
334 284 48
213 274 43
90 46 20
321 36 37
117 333 5
394 214 23
190 277 30
130 446 36
74 189 48
345 342 9
350 139 39
94 245 8
225 430 1
109 239 35
371 141 2
220 376 44
432 235 22
403 336 13
319 112 41
49 190 5
44 319 46
163 365 17
292 328 30
384 169 4
110 188 11
440 15 33
21 150 10
420 164 47
391 270 29
244 133 45
279 200 17
231 177 4
435 258 37
431 49 33
227 410 4
422 413 25
198 423 47
327 142 10
44 253 37
165 28 38
6 431 13
265 33 17
103 346 49
336 457 18
61 283 37
23 125 16
392 385 16
93 456 4
213 217 13
146 87 11
384 130 1
98 118 44
275 444 20
326 112 42
255 404 37
352 418 12
311 437 25
256 463 42
325 269 12
312 22 49
235 99 33
21 386 14
159 432 38
298 124 8
272 383 35
253 434 24
403 437 42
217 144 36
360 313 11
168 453 50
392 289 8
204 422 5
363 37 3
255 382 27
174 461 13
113 328 40
331 158 16
28 325 41
182 69 28
146 464 1
231 75 6
124 46 27
383 72 45
136 403 33
246 211 21
311 303 3
228 170 2
43 175 25
414 55 14
182 136 26
106 206 26
99 175 4
317 464 47
236 274 29
65 465 38
295 403 44
318 102 27
431 230 32
146 179 20
72 266 10
332 18 31
396 447 20
459 264 37
63 452 37
454 292 38
262 58 44
390 23 22
367 351 48
383 170 4
39 242 48
174 138 13
468 415 17
343 454 11
89 230 25
98 109 41
333 215 1
249 351 22
421 265 48
12 296 38
361 307 2
2 123 10
202 300 27
252 394 30
259 51 24
229 49 31
409 54 23
3 201 4
341 116 24
150 443 6
233 426 33
216 300 34
139 193 20
68 280 44
55 60 40
439 204 14
25 183 37
69 20 40
220 193 38
451 81 4
380 348 30
85 153 45
241 421 27
72 420 31
405 236 46
379 389 22
378 262 6
252 402 43
389 193 6
348 48 13
414 342 29
182 306 49
369 356 10
256 205 5
167 154 22
254 280 6
161 442 10
452 20 22
67 127 13
62 290 50
269 362 38
94 11 29
144 196 27
215 412 4
331 437 26
276 313 33
76 83 17
154 391 9
317 403 23
230 199 27
144 305 44
71 11 17
429 331 10
328 43 35
332 432 11
414 394 48
404 409 15
390 357 37
39 175 11
342 10 31
174 75 23
367 301 41
242 236 30
432 47 1
238 400 37
290 199 21
285 145 33
380 328 37
348 82 37
209 212 14
439 19 29
445 281 11
240 446 33
151 285 35
103 262 7
432 25 12
432 8 6
89 395 14
49 409 3
233 90 39
252 107 5
286 210 41
124 277 8
96 21 12
177 78 14
450 448 42
397 234 40
381 325 32
103 451 38
143 190 32
74 345 34
268 346 49
346 456 44
305 137 24
311 288 20
463 413 37
126 344 7
121 352 22
24 85 37
128 66 7
421 25 27
224 327 24
252 173 41
336 246 49
276 395 29
3 127 33
446 107 12
210 378 34
263 102 8
92 459 36
434 200 31
460 104 20
199 347 1
406 96 43
378 189 45
186 191 36
367 120 2
273 404 28
426 369 34
463 15 37
199 330 9
83 418 26
312 327 17
182 207 49
165 317 21
146 63 10
243 412 41
429 217 50
162 15 36
147 55 33
138 428 46
405 322 12
178 105 42
56 221 15
271 430 18
336 245 10
319 253 24
105 234 17
251 257 21
220 434 4
305 194 24
134 84 44
56 302 44
372 148 40
327 314 38
104 391 39
464 419 21
375 355 3
317 272 29
402 72 21
55 438 31
198 288 2
44 182 35
42 90 31
318 314 19
243 24 43
333 3 7
310 262 24
414 207 38
244 426 11
127 52 21
354 196 42
62 318 5
361 292 6
211 244 2
150 367 4
255 440 31
199 244 11
459 411 38
264 198 7
92 272 13
415 378 17
376 249 16
20 401 7
269 411 49
432 248 47
353 146 10
313 279 5
344 439 33
152 379 9
401 54 33
78 420 7
141 430 46
121 134 29
398 52 48
278 466 38
434 47 24
176 461 31
103 321 41
213 459 46
358 68 21
420 333 16
267 385 37
410 226 48
64 386 49
435 259 29
363 350 14
102 208 20
60 326 9
360 88 11
49 230 33
270 439 8
339 228 31
127 100 23
146 185 2
329 13 38
76 124 32
144 89 3
164 187 5
300 243 4
396 354 46
308 85 13
40 213 13
222 290 22
453 344 44
451 267 50
243 88 38
350 64 38
217 39 44
393 90 43
88 69 21
153 140 20
36 243 16
379 216 31
287 6 16
156 298 44
325 200 25
443 95 14
151 457 48
266 47 33
357 17 50
75 342 16
43 292 41
376 383 3
57 185 48
232 186 16
199 206 3
295 370 49
197 143 13
10 427 46
291 91 29
190 150 32
64 57 10
335 354 9
382 165 3
295 353 43
138 169 44
147 189 4
300 313 39
206 429 43
217 195 4
321 231 39
119 435 19
385 222 38
435 165 10
436 69 27
19 367 1
425 460 43
226 199 19
91 60 9
170 273 39
292 184 18
174 318 23
215 415 13
392 434 20
64 359 44
258 400 10
99 357 27
465 301 12
442 196 34
34 114 3
307 441 42
30 350 49
176 286 30
25 237 14
325 28 41
376 173 42
408 77 10
146 437 46
131 157 26
187 1 35
20 185 19
287 306 25
419 217 22
460 128 35
102 118 40
226 35 22
369 395 4
345 321 23
86 94 18
355 106 25
184 290 34
207 16 27
458 327 18
443 269 26
133 411 47
188 181 1
438 164 25
231 392 10
176 35 45
453 320 11
26 7 45
127 379 13
434 392 44
207 369 16
279 43 13
425 305 21
221 464 30
155 142 3
266 346 7
191 130 4
391 197 33
43 68 11
333 185 30
307 74 44
23 433 2
395 145 29
437 5 26
120 129 24
242 418 30
298 445 16
160 6 29
392 37 33
193 399 22
403 295 34
247 332 48
3 70 18
215 345 44
261 423 3
90 216 50
36 465 42
17 371 48
135 176 47
267 274 19
338 76 36
234 278 16
48 279 3
47 292 9
379 359 34
98 108 21
135 322 38
15 6 35
224 334 14
48 358 38
50 93 6
445 194 7
322 302 49
171 139 28
9 160 34
314 113 38
10 183 20
402 320 44
212 111 3
139 151 24
282 202 15
406 116 15
341 118 27
45 9 26
424 99 15
145 248 41
459 128 23
401 412 9
464 150 31
358 312 19
285 17 49
366 230 35
340 45 36
45 93 22
204 284 34
110 225 23
445 463 15
12 414 29
209 350 50
180 329 12
161 423 28
384 400 9
75 278 17
285 261 5
408 239 21
206 129 44
367 37 43
330 155 21
379 216 22
435 418 42
48 421 24
260 439 11
341 388 13
243 467 14
83 65 50
425 269 44
84 447 45
367 360 3
186 154 49
450 365 28
334 221 6
200 2 49
85 300 30
341 60 50
426 32 31
247 70 33
238 443 50
30 459 9
440 57 17
306 413 43
313 348 8
368 310 43
316 70 42
334 462 31
424 220 38
11 378 46
384 339 10
47 267 44
47 267 32
386 369 23
108 132 27
328 418 10
173 335 4
313 39 1
359 133 15
114 272 45
406 262 38
137 355 26
453 45 37
415 81 18
169 48 50
366 289 10
425 9 25
444 336 45
319 365 27
377 258 40
91 85 35
83 44 37
88 299 4
431 328 3
415 123 33
181 285 3
358 403 37
96 116 30
385 156 19
102 346 40
82 460 46
373 13 31
8 41 42
200 423 22
203 289 25
299 432 36
56 71 47
320 137 39
185 44 41
7 161 17
445 416 26
55 437 22
237 423 15
258 45 30
86 349 13
143 326 29
314 362 36
261 302 38
80 449 18
323 355 9
435 268 12
216 316 33
450 15 47
310 126 34
250 394 9
174 90 22
130 11 46
271 315 42
139 378 39
328 60 6
5 68 3
343 106 34
265 228 31
422 119 7
115 58 5
92 165 45
165 436 24
112 467 7
74 243 29
295 208 34
433 267 45
417 89 7
346 260 43
241 166 19
444 344 19
289 397 15
464 90 36
399 259 50
338 433 12
249 242 13
445 38 22
272 123 33
278 376 7
237 155 34
136 374 46
406 307 15
312 353 15
266 47 25
324 357 22
468 261 48
213 337 39
198 387 36
183 144 3
274 153 7
112 466 2
274 123 47
60 167 19
335 204 17
124 276 38
183 226 35
166 167 13
85 71 50
222 78 48
320 321 36
461 78 48
153 396 40
49 389 20
276 275 18
123 468 15
205 219 23
407 28 11
348 419 42
247 243 23
293 342 3
166 204 49
424 454 43
282 77 18
227 173 24
416 334 23
67 59 42
103 288 23
241 36 25
146 55 2
240 291 50
403 280 33
25 223 16
62 318 15
151 19 22
369 334 4
206 450 23
39 300 27
260 379 33
235 389 24
260 444 34
215 465 19
276 220 22
313 68 48
229 447 49
100 168 31
29 101 19
119 240 25
365 109 28
320 126 39
468 120 37
67 443 28
384 104 37
339 87 46
61 70 1
149 161 3
120 46 43
124 294 21
116 426 31
9 437 19
302 84 18
292 131 38
375 85 19
460 233 3
452 264 20
270 112 34
9 185 33
398 311 5
276 416 18
186 65 6
418 354 38
43 319 45
61 272 5
449 458 32
174 123 4
407 114 12
5 187 36
460 262 16
178 446 7
112 313 25
281 79 18
273 400 5
244 303 16
205 76 5
114 7 8
191 174 22
103 10 43
436 431 17
81 195 32
204 86 9
390 227 28
404 183 21
276 402 22
258 80 14
297 321 2
69 460 50
52 265 20
253 118 18
165 144 16
239 180 28
134 334 37
95 7 29
377 388 47
54 448 21
278 270 12
430 450 21
323 316 22
129 283 38
418 461 5
398 397 24
364 226 27
34 265 17
160 28 7
162 189 32
162 125 11
18 8 7
336 103 9
296 343 31
136 92 31
93 452 37
84 467 18
359 414 31
333 51 33
179 340 50
318 436 24
330 30 42
437 251 12
281 71 13
333 406 32
311 445 50
238 278 45
101 392 5
166 58 42
25 93 23
460 62 1
21 438 24
351 72 32
259 418 32
279 348 44
413 78 1
419 296 43
342 400 5
462 39 24
409 285 19
140 94 8
450 254 42
47 31 26
41 383 13
32 304 7
36 291 27
107 276 44
126 15 24
162 401 50
139 454 43
325 207 15
337 92 3
54 239 40
311 343 35
273 240 30
276 160 39
12 317 26
446 334 11
308 416 43
60 104 31
25 415 50
263 361 7
221 168 40
56 128 41
230 68 48
316 125 32
14 150 25
300 228 12
455 3 27
436 80 31
445 467 3
93 180 17
203 81 28
55 333 20
300 131 26
320 273 18
263 77 8
229 154 2
201 398 12
390 120 5
249 263 8
378 111 26
57 428 9
281 252 39
314 19 19
318 23 33
439 102 33
156 325 28
248 228 46
342 317 36
72 62 25
139 38 10
260 10 10
145 435 37
96 114 16
273 150 41
256 139 28
233 39 45
236 127 25
233 351 33
463 138 46
356 375 41
59 135 4
387 409 14
191 272 5
63 91 48
276 199 42
252 298 18
325 173 26
78 57 32
187 341 46
382 34 30
86 440 42
220 16 12
400 297 49
416 149 8
126 22 21
127 382 46
440 69 4
95 416 18
402 115 47
125 52 16
127 332 45
17 15 21
334 302 20
40 220 4
335 170 48
16 307 11
47 195 22
69 106 1
357 303 19
417 166 1
69 4 31
179 72 47
343 391 41
435 376 6
256 383 2
396 101 31
32 34 10
442 402 47
299 296 27
1 353 32
82 230 45
418 209 32
199 299 41
290 428 33
166 174 38
112 224 17
398 249 6
294 102 10
110 137 23
113 100 19
184 288 19
162 411 6
367 7 24
261 55 33
210 199 24
379 94 13
110 292 43
24 166 41
247 51 20
137 150 47
86 344 3
396 378 18
321 370 28
11 454 7
100 449 22
431 91 29
312 160 6
256 221 7
19 333 22
13 434 12
263 180 28
357 145 5
177 102 14
428 51 17
178 140 20
379 315 33
363 295 33
431 55 29
322 270 27
404 197 4
67 466 37
338 221 17
145 23 13
254 304 1
180 360 21
69 51 41
227 13 3
467 241 5
464 163 26
284 413 38
430 377 37
180 438 29
344 34 44
455 159 8
389 173 42
325 169 49
102 255 30
44 401 44
281 359 12
15 99 44
184 167 41
389 203 39
125 160 41
14 248 50
276 408 25
387 8 4
275 71 7
160 97 16
51 286 33
320 306 48
335 377 40
25 308 18
444 214 40
362 454 43
50 87 19
420 446 37
298 411 47
316 149 11
460 87 2
139 128 22
79 10 43
200 383 41
323 116 26
189 272 5
339 111 31
468 384 34
420 306 38
163 118 45
100 343 29
124 411 36
90 390 13
74 24 25
200 420 9
175 286 8
